[0, 0, 0, 10, 0, 0, 0, 32, 0, 0, 0, 0, 0, 0, 0, 0, 0, 25, 0, 37, 0, 10, 16, 7, 0, 0, 26, 0, 0, 0, 0, 0, 0, 8, 0, 19, 4, 4, 0, 10, 0, 19, 4, 0, 0, 0, 10, 0, 0, 0, 0, 19, 0, 0, 0, 19, 0, 0, 0, 0, 0, 22, 0, 0, 0, 0, 9, 0, 8, 0, 0, 0, 23, 0, 15, 0, 0, 0, 15, 0, 9, 0, 8, 0, 25, 0, 0, 0, 0, 0, 6, 0, 0, 0, 24, 0, 0, 13, 24, 0]
[0, 0, 7, 0, 0, 0, 20, 0, 0, 0, 10, 0, 0, 0, 0, 0, 0, 33, 0, 29, 0, 18, 8, 0, 19, 0, 0, 0, 0, 17, 0, 3, 0, 2, 0, 25, 0, 8, 0, 6, 11, 1, 0, 0, 24, 0, 0, 0, 0, 0, 0, 0, 27, 0, 0, 3, 0, 14, 0, 0, 0, 0, 0, 0, 0, 0, 41, 0, 0, 0, 1, 0, 0, 20, 4, 0, 21, 0, 0, 0, 0, 19, 0, 0, 0, 25, 0, 0, 0, 0, 0, 0, 15, 0, 0, 12, 2, 11, 24, 0]
[0, 0, 0, 0, 11, 0, 0, 0, 33, 0, 0, 0, 0, 0, 0, 14, 0, 0, 0, 55, 0, 0, 20, 0, 0, 26, 0, 0, 0, 0, 0, 0, 0, 0, 37, 0, 0, 0, 12, 0, 17, 0, 0, 0, 0, 0, 0, 36, 0, 0, 0, 0, 0, 0, 17, 0, 0, 0, 18, 0, 0, 0, 0, 11, 0, 0, 0, 0, 0, 36, 0, 0, 0, 2, 22, 0, 0, 0, 0, 22, 0, 0, 0, 11, 18, 0, 0, 0, 0, 0, 0, 14, 0, 0, 0, 24, 0, 0, 24, 0]
[0, 0, 0, 10, 0, 0, 0, 32, 0, 0, 0, 0, 0, 0, 0, 0, 0, 0, 28, 31, 0, 16, 0, 0, 39, 0, 0, 0, 0, 0, 0, 0, 0, 26, 0, 2, 21, 0, 0, 0, 22, 0, 0, 0, 0, 25, 0, 0, 0, 0, 5, 0, 0, 15, 0, 0, 0, 0, 0, 0, 0, 47, 0, 0, 0, 0, 0, 0, 0, 0, 0, 0, 36, 0, 0, 19, 0, 0, 0, 8, 0, 13, 0, 0, 0, 31, 0, 0, 0, 0, 0, 0, 0, 15, 0, 6, 7, 6, 11, 13]
[0, 0, 0, 10, 0, 0, 14, 2, 1, 0, 8, 0, 0, 0, 0, 0, 0, 0, 38, 21, 6, 12, 14, 0, 13, 0, 0, 20, 0, 0, 0, 0, 0, 10, 5, 0, 0, 0, 44, 0, 0, 0, 0, 23, 0, 0, 0, 0, 0, 0, 18, 0, 0, 2, 3, 9, 5, 0, 1, 0, 0, 17, 0, 0, 0, 9, 0, 0, 13, 0, 0, 15, 0, 1, 23, 0, 0, 6, 0, 7, 3, 6, 1, 2, 27, 0, 0, 0, 0, 0, 4, 0, 6, 0, 12, 0, 10, 0, 24, 0]
[0, 0, 0, 10, 0, 0, 0, 32, 0, 0, 0, 0, 0, 0, 0, 0, 0, 0, 28, 31, 0, 16, 0, 35, 0, 0, 0, 2, 0, 0, 0, 21, 0, 0, 2, 8, 0, 0, 29, 0, 0, 12, 0, 12, 0, 0, 0, 0, 7, 0, 13, 0, 0, 7, 0, 0, 28, 0, 0, 0, 0, 0, 0, 0, 0, 25, 0, 0, 0, 0, 21, 0, 0, 0, 26, 0, 0, 0, 0, 18, 0, 3, 0, 0, 38, 0, 0, 0, 0, 0, 0, 0, 0, 11, 0, 0, 25, 0, 24, 0]
[0, 4, 0, 1, 0, 0, 0, 0, 44, 0, 0, 0, 0, 0, 0, 0, 0, 0, 0, 74, 0, 0, 0, 0, 0, 49, 0, 0, 0, 0, 0, 0, 0, 0, 0, 26, 0, 0, 0, 0, 0, 0, 0, 0, 0, 0, 95, 0, 0, 0, 0, 0, 0, 0, 0, 0, 0, 0, 0, 0, 0, 0, 0, 0, 32, 0, 0, 0, 0, 0, 27, 0, 0, 0, 0, 37, 0, 0, 0, 0, 0, 0, 21, 0, 0, 0, 0, 0, 37, 0, 0, 0, 0, 96, 0, 0, 0, 0, 0, 0]
[0, 0, 0, 0, 0, 0, 36, 0, 0, 0, 0, 0, 9, 0, 0, 0, 0, 0, 22, 37, 0, 0, 38, 0, 0, 0, 0, 0, 26, 0, 0, 0, 0, 2, 0, 25, 0, 0, 0, 24, 0, 0, 0, 31, 0, 0, 0, 0, 0, 0, 10, 0, 0, 0, 0, 0, 47, 0, 0, 0, 0, 0, 0, 0, 0, 0, 0, 23, 0, 0, 0, 0, 15, 0, 0, 40, 0, 0, 0, 0, 0, 0, 18, 0, 0, 18, 0, 0, 0, 0, 0, 0, 0, 0, 42, 0, 0, 0, 14, 13]
[1, 1, 0, 3, 0, 0, 21, 0, 0, 0, 9, 0, 0, 0, 0, 0, 0, 0, 37, 22, 5, 13, 13, 0, 14, 0, 0, 19, 0, 0, 0, 4, 0, 2, 13, 0, 0, 0, 36, 0, 0, 5, 0, 19, 0, 0, 0, 0, 0, 2, 16, 0, 0, 0, 0, 25, 0, 0, 0, 0, 0, 16, 0, 0, 0, 10, 0, 5, 0, 0, 0, 30, 0, 0, 11, 4, 0, 8, 0, 0, 17, 0, 0, 4, 25, 0, 0, 0, 0, 2, 2, 0, 8, 0, 10, 0, 12, 0, 20, 13]
[1, 0, 0, 6, 0, 0, 0, 0, 0, 0, 50, 0, 0, 0, 0, 0, 0, 0, 0, 57, 0, 0, 0, 0, 0, 0, 0, 0, 84, 0, 0, 0, 0, 0, 0, 0, 0, 0, 12, 0, 0, 0, 0, 0, 0, 0, 0, 0, 0, 0, 98, 0, 0, 0, 0, 0, 0, 0, 0, 0, 0, 0, 0, 0, 0, 0, 0, 0, 0, 46, 0, 0, 0, 0, 0, 34, 0, 0, 0, 0, 0, 0, 0, 0, 59, 0, 0, 0, 0, 0, 0, 0, 0, 0, 0, 0, 58, 0, 0, 0]
[0, 0, 0, 10, 0, 0, 0, 32, 0, 0, 0, 0, 0, 0, 0, 0, 21, 0, 0, 45, 0, 0, 0, 0, 0, 0, 90, 0, 0, 0, 0, 0, 0, 0, 0, 0, 0, 0, 0, 24, 0, 0, 30, 0, 0, 0, 0, 0, 0, 0, 12, 0, 0, 0, 15, 0, 0, 0, 20, 0, 0, 0, 1, 0, 0, 0, 0, 0, 0, 0, 0, 0, 80, 0, 0, 0, 0, 0, 0, 0, 0, 27, 0, 0, 0, 17, 0, 0, 3, 0, 0, 0, 0, 0, 0, 0, 59, 0, 0, 0]
[1, 1, 1, 1, 0, 1, 21, 0, 0, 0, 9, 0, 0, 0, 0, 0, 0, 0, 37, 22, 0, 25, 2, 21, 0, 1, 9, 0, 0, 0, 1, 15, 0, 0, 0, 19, 0, 0, 0, 30, 0, 0, 0, 25, 0, 0, 0, 0, 0, 0, 16, 0, 0, 0, 0, 25, 0, 0, 0, 0, 0, 0, 18, 0, 0, 6, 0, 0, 16, 0, 6, 0, 0, 15, 9, 0, 16, 0, 0, 0, 0, 24, 0, 0, 0, 20, 0, 0, 0, 0, 8, 0, 0, 0, 22, 0, 0, 15, 2, 13]
[0, 0, 7, 0, 0, 0, 20, 0, 0, 0, 0, 0, 0, 0, 0, 0, 51, 0, 0, 15, 0, 0, 60, 0, 0, 0, 0, 0, 0, 0, 0, 0, 0, 34, 0, 0, 0, 0, 0, 44, 0, 0, 0, 0, 0, 0, 0, 0, 0, 0, 0, 0, 65, 0, 0, 0, 0, 0, 0, 0, 6, 0, 0, 0, 0, 0, 0, 39, 0, 0, 0, 0, 0, 13, 11, 0, 0, 18, 0, 0, 0, 0, 26, 0, 7, 0, 0, 0, 0, 19, 0, 0, 0, 0, 0, 25, 0, 3, 24, 0]
[0, 0, 0, 10, 0, 0, 14, 0, 0, 8, 0, 0, 0, 0, 0, 36, 0, 0, 0, 33, 0, 0, 42, 0, 0, 0, 0, 0, 0, 0, 0, 0, 0, 0, 0, 81, 0, 0, 0, 0, 0, 0, 0, 25, 0, 0, 0, 0, 0, 0, 16, 0, 0, 0, 0, 25, 0, 0, 0, 0, 14, 0, 0, 0, 0, 0, 19, 0, 0, 0, 0, 0, 0, 45, 0, 0, 0, 10, 0, 0, 0, 0, 0, 38, 0, 0, 0, 12, 0, 0, 0, 1, 0, 0, 0, 0, 58, 0, 0, 0]
[1, 0, 0, 0, 0, 0, 32, 0, 0, 0, 0, 0, 13, 0, 0, 0, 0, 0, 18, 41, 0, 6, 20, 0, 7, 10, 0, 4, 0, 0, 0, 19, 0, 0, 0, 15, 0, 18, 0, 0, 15, 0, 0, 0, 22, 0, 0, 0, 0, 0, 0, 21, 0, 0, 0, 17, 0, 0, 4, 0, 12, 0, 0, 0, 3, 8, 0, 7, 0, 0, 0, 28, 0, 0, 0, 0, 0, 0, 45, 0, 0, 0, 0, 2, 0, 30, 0, 0, 0, 0, 0, 0, 0, 0, 30, 0, 0, 0, 26, 0]
[1, 0, 0, 6, 0, 0, 18, 0, 2, 0, 0, 0, 0, 0, 0, 45, 0, 0, 0, 24, 0, 23, 0, 28, 0, 0, 0, 9, 0, 0, 0, 0, 0, 0, 38, 0, 0, 7, 0, 7, 0, 22, 0, 0, 0, 13, 0, 0, 0, 0, 0, 0, 28, 0, 0, 0, 0, 21, 0, 0, 0, 0, 0, 0, 16, 0, 0, 0, 0, 0, 43, 0, 0, 0, 0, 0, 31, 0, 0, 0, 0, 0, 0, 21, 8, 0, 0, 0, 15, 0, 0, 0, 0, 9, 0, 12, 0, 0, 35, 13]
[1, 0, 0, 0, 7, 0, 16, 0, 3, 0, 6, 0, 7, 0, 0, 0, 0, 0, 24, 35, 0, 12, 14, 9, 0, 0, 24, 0, 0, 0, 0, 0, 0, 10, 5, 0, 30, 0, 0, 0, 0, 25, 0, 0, 1, 7, 0, 0, 0, 0, 0, 26, 0, 0, 0, 12, 0, 0, 9, 0, 0, 0, 11, 0, 1, 0, 0, 27, 0, 0, 0, 8, 0, 7, 17, 0, 0, 0, 0, 27, 0, 0, 2, 0, 31, 0, 0, 0, 0, 0, 0, 0, 12, 0, 0, 0, 30, 0, 0, 13]
[1, 0, 0, 6, 0, 0, 18, 0, 2, 1, 5, 0, 8, 0, 0, 0, 0, 20, 0, 42, 0, 5, 21, 0, 0, 25, 0, 0, 0, 0, 0, 14, 0, 0, 0, 20, 3, 0, 0, 21, 0, 8, 15, 0, 0, 0, 1, 0, 0, 0, 0, 28, 0, 0, 0, 0, 26, 0, 0, 0, 0, 0, 2, 5, 0, 10, 0, 5, 0, 8, 6, 0, 0, 15, 9, 6, 0, 6, 0, 0, 19, 0, 0, 2, 27, 0, 0, 0, 0, 1, 0, 0, 14, 0, 0, 13, 1, 12, 0, 16]
[0, 0, 0, 0, 0, 0, 36, 0, 0, 0, 0, 0, 9, 0, 0, 0, 0, 19, 0, 43, 0, 0, 32, 0, 0, 14, 0, 0, 0, 0, 0, 25, 0, 0, 0, 0, 0, 0, 0, 60, 0, 0, 0, 0, 0, 0, 0, 0, 0, 18, 0, 0, 0, 22, 0, 0, 13, 0, 0, 0, 10, 0, 0, 0, 0, 0, 0, 35, 0, 0, 0, 0, 3, 0, 0, 52, 0, 0, 0, 0, 0, 0, 0, 10, 0, 22, 0, 0, 0, 0, 0, 0, 18, 0, 1, 6, 0, 0, 41, 0]
[1, 0, 0, 6, 0, 0, 18, 0, 0, 0, 12, 0, 0, 0, 0, 0, 0, 0, 34, 25, 0, 22, 4, 0, 0, 42, 0, 0, 0, 0, 0, 0, 0, 4, 0, 23, 0, 10, 0, 0, 0, 35, 0, 0, 0, 0, 4, 0, 1, 0, 0, 0, 30, 0, 0, 0, 16, 0, 0, 0, 7, 0, 0, 4, 0, 0, 16, 0, 0, 0, 25, 0, 0, 0, 0, 39, 0, 0, 0, 0, 1, 0, 0, 20, 9, 0, 0, 0, 0, 17, 0, 0, 0, 0, 18, 0, 4, 9, 8, 13]
[0, 0, 0, 10, 0, 0, 14, 2, 0, 2, 4, 0, 0, 0, 0, 0, 0, 0, 42, 17, 0, 30, 0, 21, 0, 0, 0, 16, 0, 0, 0, 7, 0, 0, 0, 27, 0, 6, 0, 0, 27, 0, 0, 0, 0, 0, 24, 0, 0, 0, 0, 0, 0, 24, 0, 0, 0, 14, 0, 0, 0, 0, 10, 0, 0, 14, 0, 2, 0, 0, 27, 0, 0, 0, 20, 0, 5, 0, 0, 0, 0, 35, 0, 0, 6, 0, 0, 0, 17, 0, 0, 0, 0, 7, 0, 0, 29, 0, 0, 14]
[0, 4, 0, 1, 0, 0, 23, 0, 0, 1, 5, 0, 0, 12, 0, 0, 0, 0, 15, 44, 0, 3, 23, 0, 4, 13, 0, 0, 0, 0, 0, 26, 0, 0, 0, 8, 0, 0, 29, 0, 0, 12, 0, 0, 0, 0, 0, 0, 33, 0, 0, 0, 0, 0, 16, 0, 12, 0, 0, 0, 11, 0, 0, 0, 4, 0, 0, 0, 31, 0, 0, 0, 1, 11, 13, 0, 0, 16, 0, 0, 9, 0, 0, 12, 17, 0, 0, 0, 0, 0, 14, 0, 0, 0, 16, 0, 6, 7, 24, 0]
[1, 0, 0, 6, 0, 0, 18, 0, 2, 1, 5, 0, 0, 0, 0, 0, 0, 0, 41, 18, 9, 9, 17, 0, 10, 0, 19, 0, 0, 0, 0, 0, 0, 15, 0, 12, 11, 0, 2, 8, 9, 2, 0, 22, 0, 0, 0, 0, 0, 1, 17, 0, 0, 0, 10, 2, 12, 0, 0, 0, 11, 0, 0, 0, 0, 17, 0, 0, 0, 13, 0, 0, 0, 24, 0, 17, 0, 0, 0, 0, 22, 0, 0, 1, 28, 0, 0, 0, 0, 0, 3, 0, 7, 0, 11, 0, 0, 26, 0, 13]
[1, 0, 0, 6, 0, 0, 18, 0, 2, 1, 5, 6, 0, 0, 0, 0, 0, 0, 27, 32, 0, 15, 0, 36, 0, 0, 0, 2, 0, 0, 0, 21, 0, 0, 0, 13, 10, 0, 2, 8, 9, 0, 26, 0, 0, 0, 0, 0, 0, 0, 0, 19, 0, 0, 5, 7, 7, 0, 0, 1, 13, 0, 0, 0, 0, 15, 0, 1, 4, 2, 0, 0, 21, 0, 17, 0, 0, 12, 0, 0, 13, 0, 0, 8, 21, 0, 0, 0, 2, 0, 4, 0, 0, 0, 26, 0, 0, 11, 6, 13]
[0, 0, 0, 0, 0, 0, 36, 0, 0, 0, 0, 7, 0, 0, 0, 0, 19, 0, 0, 47, 0, 0, 0, 53, 0, 0, 0, 0, 0, 0, 0, 0, 0, 16, 0, 11, 12, 0, 0, 0, 31, 0, 0, 0, 0, 0, 0, 0, 26, 0, 0, 0, 5, 0, 11, 0, 17, 0, 0, 0, 6, 0, 0, 5, 0, 0, 0, 27, 0, 0, 0, 0, 0, 25, 0, 0, 0, 0, 31, 0, 0, 0, 0, 0, 0, 50, 0, 0, 0, 0, 0, 0, 0, 0, 0, 19, 0, 0, 28, 13]
[0, 0, 0, 0, 0, 12, 10, 6, 0, 0, 6, 5, 0, 0, 0, 0, 21, 0, 0, 45, 0, 0, 30, 0, 0, 16, 0, 0, 0, 0, 0, 23, 0, 0, 0, 11, 12, 0, 1, 9, 0, 20, 3, 0, 0, 7, 0, 0, 2, 0, 18, 0, 0, 0, 0, 23, 0, 0, 0, 1, 0, 15, 0, 0, 0, 11, 0, 4, 0, 9, 5, 0, 2, 10, 14, 2, 0, 10, 0, 3, 7, 0, 0, 14, 15, 0, 0, 0, 0, 0, 16, 0, 0, 1, 0, 20, 0, 8, 24, 0]
[0, 4, 0, 0, 0, 0, 26, 0, 0, 0, 0, 0, 0, 0, 0, 0, 0, 49, 0, 13, 0, 0, 0, 0, 0, 0, 0, 0, 0, 0, 0, 0, 0, 0, 0, 0, 0, 0, 0, 0, 257, 0, 0, 0, 0, 0, 0, 0, 0, 0, 0, 0, 0, 0, 0, 0, 0, 0, 0, 0, 0, 0, 0, 0, 0, 0, 0, 0, 0, 0, 0, 0, 0, 0, 0, 50, 0, 0, 0, 0, 0, 0, 0, 12, 0, 0, 0, 0, 0, 45, 0, 0, 0, 0, 0, 0, 58, 0, 0, 0]
[0, 0, 0, 10, 0, 0, 14, 0, 0, 0, 0, 29, 0, 0, 0, 0, 0, 0, 4, 55, 0, 0, 0, 0, 0, 0, 0, 0, 0, 0, 0, 0, 0, 116, 0, 0, 0, 0, 0, 0, 0, 0, 0, 0, 0, 0, 0, 0, 0, 0, 0, 0, 73, 0, 0, 0, 0, 0, 0, 0, 0, 0, 0, 0, 0, 0, 0, 0, 0, 0, 76, 0, 0, 0, 0, 0, 0, 0, 3, 0, 0, 0, 0, 0, 0, 0, 0, 96, 0, 0, 0, 0, 0, 0, 0, 0, 0, 0, 24, 0]
[0, 0, 7, 0, 0, 0, 20, 0, 0, 0, 0, 23, 0, 0, 0, 0, 0, 7, 0, 55, 0, 0, 0, 0, 0, 0, 0, 0, 86, 0, 0, 0, 0, 0, 0, 0, 0, 6, 0, 0, 0, 0, 64, 0, 0, 0, 0, 0, 0, 0, 0, 0, 0, 0, 0, 0, 0, 40, 0, 0, 0, 0, 0, 0, 0, 0, 0, 0, 0, 0, 58, 0, 0, 0, 0, 0, 0, 20, 0, 0, 0, 16, 0, 0, 0, 0, 0, 0, 0, 0, 58, 0, 0, 0, 0, 0, 0, 0, 0, 41]
[0, 4, 0, 0, 0, 0, 0, 0, 0, 50, 0, 0, 0, 0, 0, 0, 0, 2, 0, 60, 0, 0, 0, 0, 0, 63, 0, 0, 0, 0, 0, 0, 0, 0, 1, 9, 0, 24, 0, 0, 0, 0, 0, 0, 0, 58, 0, 0, 0, 0, 0, 0, 0, 0, 0, 15, 0, 0, 0, 0, 0, 0, 28, 0, 0, 0, 0, 13, 0, 0, 0, 0, 25, 0, 0, 0, 0, 0, 45, 0, 0, 0, 0, 0, 33, 0, 0, 0, 0, 0, 0, 0, 0, 0, 0, 39, 0, 0, 24, 0]
[0, 0, 7, 0, 0, 0, 0, 38, 0, 0, 0, 0, 0, 0, 0, 0, 0, 19, 0, 43, 0, 4, 22, 0, 0, 24, 0, 0, 0, 0, 0, 0, 0, 22, 0, 5, 18, 0, 0, 0, 25, 0, 0, 0, 0, 22, 0, 0, 0, 0, 0, 0, 0, 0, 37, 0, 0, 0, 0, 1, 0, 0, 0, 26, 0, 0, 0, 6, 0, 0, 23, 0, 0, 0, 0, 0, 51, 0, 0, 0, 0, 0, 0, 2, 0, 0, 0, 0, 52, 0, 0, 0, 0, 0, 0, 0, 10, 3, 0, 25]
[1, 1, 0, 0, 4, 0, 19, 0, 0, 0, 11, 1, 1, 0, 0, 20, 0, 0, 0, 49, 0, 0, 26, 0, 0, 20, 0, 0, 0, 0, 2, 14, 0, 0, 0, 20, 3, 5, 0, 0, 28, 0, 7, 0, 0, 3, 1, 1, 0, 0, 0, 26, 0, 0, 0, 12, 2, 0, 3, 0, 0, 0, 17, 0, 0, 0, 0, 0, 31, 0, 0, 0, 0, 14, 10, 0, 0, 19, 0, 0, 0, 0, 0, 29, 1, 0, 12, 0, 0, 0, 0, 0, 16, 0, 2, 0, 20, 0, 0, 23]
