4
15
19
23
24
38
51
52
59
63
71
72
75
103
109
114
124
132
140
147
151
154
155
164
171
174
184
187
188
191
199
201
203
208
213
215
217
219
225
226
238
240
251
257
259
266
276
278
281
282
289
291
293
304
308
310
312
325
327
331
351
356
367
376
379
381
391
396
398
421
425
430
432
442
443
445
450
483
494
499
503
511
521
525
536
549
573
587
588
592
597
601
602
610
622
629
634
635
636
642
653
655
666
669
676
678
679
680
685
687
701
708
712
715
728
729
738
743
750
752
762
763
771
776
781
783
787
793
809
821
827
834
837
850
876
894
900
912
914
916
928
929
932
936
940
954
956
965
971
984
