5
11
14
32
52
53
61
64
65
69
72
80
98
102
109
118
130
131
132
134
135
139
144
152
162
181
183
184
190
194
214
220
223
224
237
239
252
256
262
263
293
305
311
317
318
320
327
340
344
345
346
369
375
390
425
434
442
448
462
474
482
491
499
507
523
529
532
545
550
554
555
557
560
562
564
580
587
598
605
609
612
616
628
633
644
647
648
659
661
664
673
677
678
679
681
682
696
697
716
720
722
725
732
734
735
748
751
757
761
765
770
789
795
802
805
821
832
835
838
873
888
892
897
902
903
906
913
914
916
917
919
922
923
924
931
938
939
942
945
946
955
970
976
984
985
986
991
994
997
999
