1
10
35
50
51
59
61
77
84
90
94
105
107
108
110
121
126
130
140
166
167
172
180
181
187
199
200
212
219
228
231
240
245
249
250
258
259
272
278
287
288
289
299
310
311
313
318
319
323
343
346
349
350
359
382
396
400
408
411
414
421
422
429
433
437
442
457
458
462
464
467
469
473
479
503
512
514
516
534
540
544
558
560
565
573
574
575
577
579
580
600
610
614
616
622
627
628
630
636
647
650
653
678
679
681
685
687
691
692
708
723
732
733
741
742
772
791
799
810
812
813
832
834
841
856
857
863
864
866
873
879
883
885
889
892
899
905
909
922
923
944
946
947
963
964
970
976
977
988
998
