6
8
11
14
19
38
39
40
46
47
62
67
80
81
89
96
102
114
117
123
134
142
154
170
172
182
186
188
195
200
216
220
222
246
257
263
270
274
292
296
300
307
308
321
327
331
340
342
350
353
364
371
375
383
393
396
398
401
413
422
424
429
432
439
440
449
451
452
456
465
468
470
487
491
498
499
512
515
526
532
534
538
542
544
554
555
557
559
561
576
593
601
610
611
612
615
623
629
638
640
658
665
677
690
712
714
719
722
723
731
745
749
753
770
771
775
779
790
799
811
813
853
856
860
864
865
872
874
878
886
888
895
897
900
901
902
916
928
931
932
950
951
959
963
971
972
973
982
984
994
