1
18
28
29
32
36
38
63
66
68
84
91
115
117
122
124
132
139
148
159
162
165
171
172
177
180
183
186
187
190
194
197
200
219
236
241
242
252
269
271
276
285
289
292
293
305
307
313
314
317
319
320
325
341
343
351
362
382
387
388
392
407
414
419
426
437
439
459
470
475
494
495
501
510
529
530
533
535
551
555
569
573
575
578
581
601
602
605
610
612
616
622
623
626
635
637
641
643
648
649
667
670
673
674
684
687
701
717
735
737
745
748
750
765
770
780
797
799
800
802
813
824
826
830
847
851
860
864
865
868
879
903
907
911
913
914
945
946
948
949
951
956
957
958
963
966
967
974
989
997
