1
20
23
24
33
35
40
41
46
48
49
60
68
69
77
78
81
91
122
127
135
146
150
153
163
167
170
175
181
204
213
214
217
218
225
226
246
258
281
286
291
305
306
308
309
330
338
341
344
346
349
364
371
377
385
403
405
410
420
421
422
426
432
434
437
449
450
452
456
464
465
473
474
480
489
493
496
498
500
505
507
517
519
524
534
541
551
568
581
582
584
593
599
600
602
608
615
617
620
622
625
627
659
679
683
693
726
741
749
751
757
759
768
769
771
780
786
801
806
807
809
818
827
842
846
853
861
862
867
870
877
883
885
886
887
901
913
915
923
928
939
949
957
971
975
984
986
991
995
999
