3
6
10
21
37
42
70
82
91
99
102
104
113
130
133
135
138
139
143
144
150
159
160
162
164
168
178
180
184
194
199
201
203
206
226
255
256
270
278
281
282
296
298
305
312
321
322
333
336
342
355
365
374
377
381
394
396
400
401
402
413
414
425
436
439
442
443
445
450
459
475
477
484
503
520
525
529
535
541
544
549
567
573
575
577
578
580
581
583
602
605
610
612
625
640
648
649
668
674
685
687
711
715
721
722
723
728
729
734
752
753
764
766
768
772
774
787
789
793
795
797
834
835
845
850
854
870
884
888
889
890
896
901
907
922
932
935
936
938
952
953
960
963
964
983
989
993
995
997
998
