34
35
38
53
57
58
61
63
76
78
85
87
90
91
115
123
127
128
145
148
153
161
171
174
182
188
194
197
204
221
228
232
236
240
243
245
246
253
256
267
269
273
275
279
294
296
298
304
306
313
315
331
342
346
350
352
354
360
364
371
373
376
382
388
398
401
414
420
422
455
462
464
474
477
482
494
497
498
499
514
520
533
539
542
549
553
569
573
577
579
594
609
613
623
628
639
640
651
664
668
672
675
676
687
694
695
719
722
724
735
744
758
761
768
769
782
791
794
800
805
813
816
818
819
839
844
854
856
869
870
878
879
895
900
912
913
916
934
937
938
954
959
965
966
968
973
976
978
989
992
