1
3
32
34
36
46
48
49
51
53
59
66
75
82
86
98
107
108
122
140
146
148
151
155
165
172
173
174
190
192
195
198
201
208
211
221
223
228
241
258
259
264
265
266
277
280
305
306
307
313
326
333
335
339
343
348
356
369
373
376
386
399
402
403
404
419
426
428
440
444
446
450
451
454
458
462
468
470
475
482
483
493
510
511
516
520
537
542
551
554
556
557
560
569
571
574
582
591
611
612
674
676
690
691
697
701
707
708
710
715
718
728
737
746
762
775
779
788
804
805
824
825
828
831
835
842
845
853
863
871
878
883
891
892
893
894
902
916
920
923
932
942
947
964
966
967
971
983
988
991
