7
16
20
23
24
25
29
35
51
53
54
55
74
75
77
94
102
107
110
111
137
138
139
145
151
177
180
183
187
203
216
228
230
234
235
239
245
249
254
261
272
275
280
294
301
303
304
305
328
331
341
355
368
374
377
381
398
399
408
409
420
428
430
441
442
443
447
449
451
456
458
459
466
480
493
494
506
523
530
531
537
554
556
557
558
562
571
574
576
608
644
651
666
670
674
677
685
690
695
698
701
703
718
731
738
740
749
756
761
765
769
770
772
778
781
791
797
801
807
809
825
835
847
852
853
854
867
869
874
882
888
890
894
903
906
908
909
912
915
936
943
945
948
968
970
978
983
987
989
997
