3
7
14
24
25
28
32
36
39
40
43
45
53
55
65
69
77
89
91
93
99
110
113
124
135
137
141
142
146
156
162
164
179
180
183
185
189
201
203
206
207
210
214
216
219
225
228
232
236
243
245
249
252
258
266
269
270
278
282
288
289
290
295
318
319
330
333
335
341
342
343
346
350
351
352
354
359
368
370
374
382
385
387
390
391
400
406
415
418
420
427
431
433
458
463
464
465
467
473
476
479
494
502
509
518
524
533
536
552
556
559
562
570
571
574
582
586
587
588
589
596
602
603
605
609
615
618
619
626
632
640
647
648
650
652
656
669
673
676
682
690
692
696
703
704
707
711
712
729
732
737
741
744
746
749
756
763
765
784
785
795
800
804
808
816
826
832
837
845
851
865
874
875
880
883
887
890
894
895
896
897
900
905
911
914
919
927
931
938
946
949
950
953
961
963
980
987
991
993
996
