3
6
8
14
20
24
28
29
35
36
38
43
49
61
66
67
70
73
76
81
85
86
106
108
109
118
125
129
131
137
139
145
151
153
158
170
176
180
183
186
189
193
195
206
222
226
228
240
243
248
249
252
253
257
263
264
274
276
279
284
285
291
296
297
303
305
308
309
310
313
314
320
322
324
329
331
337
338
340
346
350
355
358
363
368
371
376
390
391
406
420
422
425
432
446
450
465
466
470
477
485
487
488
491
495
497
503
508
511
513
520
529
530
532
546
549
553
557
558
561
571
575
577
591
597
598
600
609
619
621
625
629
637
643
644
657
663
675
678
680
684
689
695
706
707
708
710
711
718
735
737
738
740
745
748
752
755
756
757
760
765
766
767
768
777
778
793
796
797
799
800
814
827
839
860
861
881
882
887
889
893
897
901
905
908
909
915
918
923
928
929
947
958
962
963
981
986
987
989
995
