1
6
8
17
20
24
26
29
47
50
52
56
59
61
63
65
73
82
83
85
89
92
99
104
105
115
117
119
120
121
122
123
140
142
143
146
151
153
154
157
160
179
189
201
202
212
222
229
231
238
239
251
256
266
270
273
279
280
291
297
299
300
309
315
317
331
332
339
340
341
342
351
355
358
359
362
365
367
371
377
381
383
388
398
400
402
403
407
417
418
419
424
435
437
447
449
451
454
462
465
468
470
471
476
477
478
479
502
507
510
518
521
523
524
527
528
534
536
539
543
550
560
569
571
582
584
587
588
593
598
600
616
617
619
624
631
634
644
650
669
672
676
680
683
687
689
691
695
699
710
731
742
743
744
754
758
761
769
778
781
796
798
804
805
806
816
818
831
837
843
848
853
854
862
865
868
869
880
881
883
888
889
893
906
918
930
934
938
941
948
952
954
962
963
968
969
983
984
991
992
