4
6
16
22
23
33
41
47
51
56
65
70
87
89
94
100
102
104
109
110
111
115
116
129
130
133
146
150
169
171
174
180
185
186
187
190
205
211
217
218
227
228
240
241
254
255
261
265
268
275
283
285
288
290
293
296
301
305
316
317
326
330
337
339
349
352
353
356
363
367
371
373
396
397
406
408
418
421
427
431
436
438
439
443
457
460
474
481
491
494
495
503
505
507
508
526
527
528
539
540
549
554
557
567
572
574
582
585
586
592
593
595
600
601
616
627
629
630
631
637
653
657
663
665
672
685
686
691
693
698
700
701
708
709
712
718
721
731
734
738
741
742
746
747
748
754
759
760
761
764
780
782
786
788
798
800
801
803
810
821
823
824
825
829
830
835
836
838
843
847
851
856
857
862
867
868
871
882
883
886
890
895
896
900
903
906
907
913
917
929
946
958
967
970
973
977
983
985
992
997
