11
13
14
18
19
21
24
25
31
39
51
60
63
64
68
71
75
81
89
99
102
107
109
116
126
136
142
143
149
164
165
168
170
173
179
189
195
196
202
209
217
219
239
240
243
249
252
257
260
264
267
285
286
287
301
305
308
316
319
325
330
332
342
347
351
355
359
360
364
366
374
381
390
394
395
409
413
415
416
419
425
429
444
447
449
451
455
463
464
466
468
470
471
485
487
499
501
504
510
514
516
523
524
525
526
537
548
554
556
567
570
576
589
594
602
628
634
638
640
641
644
646
648
649
652
655
656
659
663
664
667
669
676
689
694
695
702
704
705
713
715
716
721
726
733
737
742
750
753
759
760
761
767
769
776
783
788
791
797
813
818
824
825
838
854
859
860
867
869
881
885
886
889
891
894
899
903
916
920
923
925
927
931
933
934
943
944
946
952
955
958
965
970
973
976
984
986
991
995
996
