2
5
8
13
15
17
20
21
22
26
27
31
38
55
56
60
61
65
76
80
85
88
91
95
101
106
112
113
114
127
156
163
164
168
171
183
189
190
195
196
209
211
222
223
224
227
229
232
233
244
245
248
255
256
259
260
267
270
272
277
281
283
285
292
302
304
306
311
312
318
320
321
326
327
328
331
352
353
365
367
369
370
371
373
382
388
396
399
401
402
416
434
435
438
444
450
457
459
468
485
487
490
504
507
514
518
532
534
538
543
545
547
561
565
576
579
586
598
608
610
619
621
633
635
646
657
658
660
662
663
664
665
666
668
682
688
698
704
705
708
709
714
728
736
739
741
743
750
754
761
770
771
779
793
796
807
814
816
834
838
845
848
849
858
860
861
862
863
866
875
877
879
880
883
886
891
897
905
917
918
922
940
942
944
948
952
953
956
957
961
964
968
969
971
972
987
991
993
997
998
