2
3
5
10
11
19
27
35
37
38
46
48
50
52
56
61
67
68
73
83
94
98
129
150
154
161
165
167
174
180
188
195
200
202
205
209
211
214
218
223
231
232
234
238
241
245
247
252
256
257
258
264
266
268
272
273
275
278
286
300
306
307
308
311
313
317
318
325
331
332
336
341
352
364
369
371
377
380
384
386
392
393
396
400
401
406
409
417
424
427
428
429
430
432
435
438
440
451
460
467
469
474
484
502
504
512
515
516
519
520
522
531
532
545
550
552
553
559
564
571
582
585
586
587
594
596
598
600
604
611
614
619
620
623
627
628
635
637
640
648
653
655
664
665
685
690
701
705
706
719
724
727
732
740
744
748
757
761
773
779
783
789
798
800
803
811
812
815
817
819
824
832
846
847
852
861
869
871
872
874
876
890
895
898
900
902
916
919
925
929
930
943
947
949
953
958
965
970
981
993
