4
13
26
27
35
37
38
43
46
57
62
66
67
68
72
78
81
88
89
91
92
93
94
95
101
104
108
114
125
143
144
148
176
180
182
184
192
195
197
201
218
225
228
234
248
250
254
259
270
272
278
284
286
287
297
298
311
317
329
330
333
334
335
336
337
342
346
351
352
353
354
359
361
367
368
369
370
371
373
379
384
388
394
399
411
415
424
433
443
447
450
454
461
462
468
469
476
480
481
483
487
494
496
497
501
503
504
506
507
508
510
516
517
537
539
541
545
547
549
555
556
561
567
577
582
584
585
589
592
613
617
624
630
641
643
656
663
668
672
673
684
689
692
703
706
717
734
737
747
749
750
754
755
757
763
765
767
768
775
777
779
782
784
787
789
797
798
801
802
803
815
824
837
842
858
867
868
881
884
888
895
899
906
909
910
913
924
931
932
939
945
952
955
962
965
971
984
987
994
996
