4
8
12
20
22
27
30
31
33
41
45
54
55
57
59
61
62
70
80
87
90
101
106
109
110
123
124
135
137
139
149
152
164
171
186
196
203
204
205
218
226
227
245
251
252
256
271
275
280
290
296
298
302
306
307
308
310
312
315
318
324
336
344
348
349
351
359
360
367
368
371
373
375
384
388
393
398
401
412
416
417
418
419
423
425
433
454
457
460
462
479
485
491
494
504
509
511
525
526
527
545
556
562
571
579
583
585
586
591
596
600
605
607
612
613
614
624
630
632
642
644
646
648
656
659
675
678
679
686
687
690
691
696
702
708
714
717
718
721
723
725
726
727
730
731
737
740
745
747
748
756
764
765
772
774
781
790
796
797
816
820
825
831
832
835
841
842
843
847
849
852
858
860
864
865
872
879
885
889
892
895
903
905
918
919
925
931
934
937
944
949
956
958
971
976
983
984
989
991
999
