2
13
30
42
59
60
62
63
71
77
79
82
85
95
113
121
122
136
152
154
157
189
195
198
200
204
206
210
221
231
234
237
239
246
250
258
260
265
266
270
271
274
275
288
290
293
295
301
304
310
312
313
314
315
318
321
322
324
341
342
352
359
364
378
385
388
391
392
394
398
402
409
418
433
437
438
453
458
460
464
471
474
476
485
488
489
504
509
511
515
520
521
527
531
540
542
552
555
560
563
564
568
573
575
580
582
586
588
593
597
598
601
602
604
612
616
629
639
642
647
649
654
661
668
669
672
679
681
683
690
697
699
702
706
707
711
713
726
728
730
751
754
761
764
775
776
780
781
783
784
786
788
796
799
814
826
828
834
836
841
843
845
852
856
857
870
879
880
883
890
893
895
898
904
905
913
915
917
923
931
935
944
945
947
948
952
955
959
960
962
967
970
974
977
982
985
992
993
995
997
