1
5
13
15
18
24
29
34
39
41
45
46
48
50
52
54
58
62
81
83
89
91
93
96
99
101
103
104
113
116
118
122
124
154
156
164
165
167
173
179
180
183
184
188
193
197
198
201
203
211
214
215
218
221
227
231
234
237
239
247
248
256
264
265
271
287
291
298
304
308
314
315
319
322
326
330
331
334
335
337
342
343
344
346
350
353
354
356
360
365
369
372
374
379
387
392
398
399
407
409
411
412
417
423
429
430
434
438
439
443
451
457
479
481
482
486
487
489
497
502
503
508
514
515
517
520
522
523
525
526
534
536
539
540
543
545
554
571
573
574
576
588
589
597
604
607
608
615
620
622
630
636
638
640
643
646
647
652
657
660
662
676
680
683
686
687
691
696
697
706
707
718
721
723
726
728
729
733
742
753
756
758
759
760
762
763
766
772
773
777
782
784
785
787
788
789
796
800
803
805
812
814
831
837
843
848
860
865
867
872
873
875
881
885
889
892
893
900
905
906
907
911
914
919
926
927
929
930
933
934
937
939
943
945
946
950
954
955
960
962
963
964
966
971
977
979
989
990
992
996
