5
14
29
33
37
45
46
49
55
56
58
69
71
72
75
87
88
90
92
97
99
106
111
112
114
117
119
125
131
144
146
151
152
155
157
160
161
163
164
169
170
172
174
185
194
196
199
206
208
209
222
239
244
245
246
249
261
264
265
273
277
281
285
286
290
292
303
306
310
316
317
322
324
326
330
335
343
344
347
348
354
355
358
359
361
364
369
375
382
383
385
386
393
395
400
403
406
409
412
414
416
417
418
419
424
426
436
437
440
443
445
446
449
450
456
461
462
463
470
473
474
475
476
478
484
489
492
495
500
501
505
509
518
520
530
531
536
540
541
547
548
551
555
557
558
562
564
565
571
574
577
586
588
594
598
600
605
609
611
617
623
627
628
631
640
642
644
646
649
657
663
681
682
694
696
697
699
706
722
725
730
739
740
741
743
751
752
756
757
760
763
765
767
768
770
771
776
777
781
787
792
793
794
795
799
800
804
805
806
811
813
825
826
831
833
836
838
845
848
860
863
865
868
869
870
874
882
883
892
901
903
911
913
918
920
925
927
936
940
943
951
954
963
965
966
989
993
995
996
997
