1
2
3
7
9
10
14
16
18
25
27
28
29
31
32
36
38
40
43
44
48
53
71
72
77
82
98
103
108
109
128
130
139
147
154
161
162
165
169
172
184
199
205
206
208
211
215
216
217
218
220
227
228
238
240
241
245
250
252
253
256
258
264
268
273
274
276
285
288
295
297
305
308
309
313
316
317
319
341
342
349
365
378
380
387
390
391
404
406
408
411
414
419
422
427
428
430
431
434
435
439
440
442
444
446
450
452
468
476
480
483
486
492
494
503
504
507
508
510
535
536
537
539
541
546
547
548
551
554
557
566
572
574
576
577
583
593
619
629
634
635
639
644
648
649
661
663
666
669
672
675
681
683
687
688
690
692
700
705
708
709
710
712
716
718
722
726
729
730
742
743
746
748
749
754
757
760
764
768
770
772
778
785
787
788
790
793
794
798
799
803
805
806
807
814
815
816
817
819
823
824
827
828
829
831
839
840
854
857
865
868
870
872
873
874
878
880
885
889
891
903
904
905
906
908
911
912
917
918
922
928
934
935
939
942
943
944
949
951
956
959
972
973
975
976
981
988
989
993
995
