5
12
13
17
19
21
22
28
29
40
48
50
51
52
59
62
64
66
72
75
78
81
90
91
92
93
94
104
108
109
121
122
128
129
132
133
134
135
136
137
140
142
144
145
146
148
154
155
157
158
164
167
171
199
201
203
210
213
220
222
223
234
237
238
242
244
247
254
267
272
274
276
277
282
288
289
292
294
298
302
303
306
308
314
318
319
327
331
332
336
337
341
342
346
348
354
357
364
367
370
373
379
385
391
392
394
413
420
427
433
437
438
440
442
446
448
457
459
461
462
476
484
489
491
496
497
509
517
532
542
543
550
555
556
559
561
563
565
566
568
574
575
581
590
593
596
600
606
607
616
624
625
629
636
640
645
646
648
649
651
652
683
686
689
691
693
695
696
700
707
710
711
713
718
719
721
723
731
733
734
737
740
742
744
748
753
754
760
762
764
767
770
772
778
781
782
787
793
796
803
807
811
813
818
819
823
827
829
832
833
835
843
848
850
855
860
866
869
870
880
881
886
888
895
904
907
912
914
917
926
929
931
936
939
941
945
951
954
956
958
959
960
962
965
969
972
975
989
992
995
