3
5
11
29
30
35
36
38
44
48
49
51
52
54
69
70
71
72
78
79
104
117
122
124
133
135
138
141
143
146
154
163
170
172
175
176
193
195
211
219
223
224
229
231
233
235
239
242
244
251
257
258
259
263
265
267
275
278
279
280
281
282
283
285
288
293
299
301
302
318
320
321
326
329
330
340
341
343
344
346
351
354
356
357
359
361
369
370
373
375
382
392
401
402
405
408
413
417
422
424
434
436
441
450
457
461
467
468
471
484
486
487
488
504
507
509
510
515
518
519
522
530
532
533
539
542
546
548
550
552
561
568
574
578
583
589
596
598
600
603
615
625
626
638
641
644
655
656
660
661
664
669
671
675
678
681
682
683
684
693
701
707
708
709
710
714
715
723
727
729
734
735
737
741
744
748
755
756
757
759
761
764
767
768
773
776
780
784
786
787
792
793
795
800
802
803
804
805
809
816
818
822
826
827
833
834
849
864
865
873
877
887
890
896
897
901
909
913
915
921
922
923
928
930
931
932
933
936
937
938
941
942
944
951
954
958
960
965
970
975
976
978
980
984
990
993
994
995
996
997
