2
4
7
13
14
31
40
42
44
45
47
48
56
62
67
68
71
74
75
79
84
86
89
91
92
94
95
98
105
110
111
115
116
119
122
126
128
132
139
140
143
148
151
152
161
165
174
177
178
181
188
196
197
199
201
208
213
215
219
223
226
227
228
231
238
247
254
261
268
269
272
276
278
281
284
292
293
315
329
341
342
349
350
351
353
357
359
360
365
367
369
371
373
375
376
377
380
387
388
389
390
396
401
405
411
413
427
428
432
436
437
441
443
449
451
453
454
455
456
458
465
467
470
473
483
484
487
490
493
504
505
520
522
528
532
533
537
540
543
544
546
548
551
561
570
571
572
574
577
581
586
591
592
593
607
610
614
617
618
620
621
631
639
643
649
652
660
662
666
668
669
671
672
673
693
694
699
702
724
726
735
739
746
749
751
752
753
755
756
758
759
760
761
764
773
774
776
777
779
784
786
791
793
795
799
801
802
803
805
806
813
818
829
830
831
833
845
875
876
877
882
889
890
892
893
894
901
903
904
906
908
915
929
938
941
942
949
952
955
956
968
976
978
980
986
990
991
995
996
997
