3
4
7
8
9
10
13
21
23
27
28
38
43
45
49
50
57
74
78
79
83
91
92
94
97
101
103
109
116
117
125
128
130
145
153
154
155
156
171
177
178
188
197
198
201
203
204
206
209
210
221
223
226
233
234
242
243
246
249
253
257
258
265
274
275
277
279
281
284
287
289
290
296
299
306
313
316
319
321
322
327
329
343
344
345
347
349
364
370
385
391
402
403
404
407
414
415
416
417
418
419
422
426
429
438
439
440
441
442
443
446
449
455
463
464
472
474
476
481
498
503
513
515
518
519
520
521
524
526
531
533
534
536
537
539
541
544
545
553
554
555
558
569
577
581
584
586
587
591
596
606
607
612
617
618
622
632
633
634
635
641
644
648
654
662
670
671
672
676
681
683
686
687
694
697
699
700
709
718
719
721
724
731
736
739
740
741
745
746
750
753
758
766
769
772
773
778
780
782
792
799
802
809
812
821
823
826
827
836
843
852
853
854
858
862
865
872
875
878
885
889
890
892
894
902
904
912
913
915
924
925
930
933
937
942
946
953
955
956
957
959
961
962
963
973
975
976
977
979
989
