1
2
11
18
31
37
42
44
48
49
53
57
58
67
72
74
84
85
87
88
91
92
96
97
102
104
109
122
123
124
129
132
135
141
147
151
156
158
165
172
183
184
189
198
203
208
209
210
213
214
216
220
226
238
244
246
248
250
255
256
265
286
289
292
293
297
298
300
302
311
313
323
326
330
331
332
333
334
335
336
337
345
346
352
359
360
362
364
367
371
373
375
381
383
392
393
394
398
404
405
412
413
417
425
430
437
438
441
448
455
460
464
466
467
468
471
472
481
489
491
493
494
495
501
502
503
518
531
534
537
539
542
545
546
550
553
554
563
570
573
574
575
577
580
583
584
587
593
595
596
599
602
604
616
617
623
631
643
647
654
662
663
669
671
672
673
679
682
685
686
688
693
700
702
713
725
726
732
734
737
746
754
759
761
768
769
772
780
797
798
803
804
805
806
808
809
820
822
824
828
831
839
841
842
845
847
848
851
855
865
866
867
874
875
888
898
899
904
905
907
909
910
912
926
927
929
938
940
942
943
946
949
954
956
959
960
964
965
968
969
971
972
973
974
978
980
986
988
997
998
