2
4
8
10
12
15
19
22
26
27
31
35
39
49
51
57
61
65
66
69
73
79
80
85
86
97
103
104
105
107
116
117
124
125
129
131
132
133
135
141
148
157
158
162
164
165
169
175
176
177
182
183
188
190
194
198
199
200
201
206
209
212
215
220
234
237
247
249
257
258
259
264
268
271
272
281
285
286
291
293
294
308
311
313
320
325
327
328
335
338
342
345
353
356
361
367
371
375
376
383
384
411
419
420
429
430
433
438
443
450
458
460
461
473
474
477
479
482
484
489
490
493
494
496
500
501
506
511
518
520
525
528
540
543
546
567
570
571
576
581
582
593
594
601
606
611
613
616
617
629
630
634
644
647
648
652
653
655
664
666
667
669
672
680
682
685
686
690
693
706
707
709
710
711
715
742
743
748
750
760
761
768
772
779
781
789
790
798
809
813
814
821
825
828
831
834
836
838
841
844
847
848
852
859
863
864
867
868
873
878
880
881
883
885
887
889
896
898
900
901
905
906
907
909
910
911
915
918
924
929
930
931
932
939
944
946
947
950
953
960
962
964
966
975
979
982
984
988
996
997
