1
2
3
4
5
8
9
11
17
19
20
23
25
36
44
47
54
66
67
70
71
74
81
92
101
103
117
118
125
127
129
130
134
137
141
142
144
146
148
149
150
155
156
157
160
161
166
171
176
180
184
190
194
197
199
200
214
218
219
220
229
234
239
243
247
252
256
258
259
265
266
267
274
282
293
295
296
298
302
304
314
315
317
333
336
337
338
345
348
350
351
354
367
371
378
379
380
381
385
391
394
397
399
403
406
407
410
413
416
425
427
430
437
440
444
447
448
451
452
460
471
472
473
474
482
488
491
494
500
503
508
515
520
521
526
530
534
536
543
544
548
558
566
567
568
570
574
577
580
583
585
589
593
594
600
601
603
612
618
619
637
639
640
641
647
652
654
659
661
668
677
678
681
683
686
690
693
694
699
701
704
712
717
726
731
736
738
740
743
751
758
759
761
763
766
771
772
777
781
786
790
794
796
797
801
802
812
823
834
838
840
847
848
858
871
881
888
892
894
898
899
907
909
912
916
918
923
926
927
928
932
936
939
946
955
956
962
963
968
969
971
972
974
975
978
979
980
981
984
987
