1
2
3
4
14
17
20
27
28
34
36
39
42
43
47
56
63
68
73
75
76
77
85
87
92
93
95
97
102
104
105
107
111
112
114
115
116
122
124
127
129
131
132
135
137
141
152
154
162
166
169
170
173
175
179
180
187
188
190
191
192
193
194
196
201
203
204
205
206
210
213
215
221
222
223
227
228
230
232
233
239
243
246
250
251
253
259
261
262
266
267
269
271
275
278
280
282
283
287
292
293
298
313
314
316
328
329
336
338
339
344
345
346
357
359
372
377
383
384
388
389
390
391
396
399
400
401
403
404
407
412
414
416
417
429
430
431
440
443
446
451
455
456
458
461
466
468
475
478
486
490
491
494
495
496
497
500
502
506
508
510
511
513
519
524
525
526
527
531
532
542
543
562
563
566
567
571
572
578
584
586
593
595
597
599
602
603
611
618
619
621
630
632
637
643
650
651
654
658
666
668
670
671
673
674
675
676
680
681
682
684
688
690
693
698
701
707
712
715
717
719
721
722
737
738
739
741
745
753
754
759
768
774
780
781
784
786
797
798
802
804
813
817
819
825
826
829
833
834
837
839
841
843
844
848
852
858
865
866
869
875
878
880
881
883
884
888
892
894
906
910
911
913
919
920
921
925
926
936
941
945
946
948
956
959
962
963
964
965
967
974
977
979
985
986
989
990
994
996
999
