5
6
9
10
13
14
21
24
25
26
28
37
52
53
54
56
64
65
67
68
71
74
75
76
79
81
83
84
85
91
94
114
116
120
122
123
129
133
134
135
136
137
138
140
149
150
154
156
171
175
179
181
183
190
193
196
197
199
204
213
216
221
223
225
228
232
237
243
252
254
256
257
258
261
266
269
275
277
281
286
289
296
297
303
313
315
318
321
322
325
327
332
337
339
342
344
348
360
367
378
381
385
389
393
404
411
416
417
420
422
425
431
432
438
439
446
447
449
452
456
458
460
461
462
464
468
469
471
472
476
478
487
488
489
490
494
496
498
502
509
515
517
525
528
529
532
534
535
541
543
544
552
558
559
563
565
566
568
569
577
579
581
585
586
591
592
596
598
601
604
610
616
620
621
625
627
633
634
635
639
641
644
647
648
649
652
653
658
660
662
664
665
669
671
673
674
675
676
680
681
682
685
686
687
691
693
697
701
704
706
713
718
721
729
730
735
738
739
745
752
753
755
756
759
766
768
777
778
779
782
789
794
796
802
803
804
810
812
814
817
820
822
824
825
826
831
832
835
844
849
852
853
856
858
859
860
867
874
877
879
882
886
893
894
895
898
899
900
903
908
909
912
914
921
922
923
925
927
930
931
935
936
941
942
944
947
950
957
958
963
965
974
975
978
982
990
993
994
997
999
