2
15
18
19
25
27
30
31
35
38
40
44
48
51
53
55
60
63
64
66
67
69
76
79
81
88
90
92
100
103
107
109
110
112
116
120
121
123
126
128
130
134
138
142
146
147
149
150
153
156
166
168
169
170
171
175
176
180
184
190
192
196
204
205
211
213
214
215
217
218
224
225
228
229
236
237
242
248
249
252
253
256
260
263
264
267
274
278
279
281
284
287
291
293
301
303
304
309
310
315
316
318
320
323
326
327
330
331
332
333
334
347
348
352
356
364
368
369
370
371
374
376
378
385
386
387
392
395
398
403
412
414
420
423
424
425
427
428
429
430
432
435
436
439
442
448
449
451
453
455
459
462
463
479
481
483
485
493
509
510
512
516
517
527
528
534
537
539
542
544
545
548
551
567
568
569
571
573
575
576
582
587
597
602
606
609
612
613
616
618
620
629
634
636
637
641
644
645
652
654
655
658
664
665
671
678
679
684
691
692
693
696
707
713
728
732
733
739
742
748
754
755
760
765
767
768
770
773
774
775
776
781
782
785
787
790
793
795
796
797
799
802
803
813
822
823
827
833
839
840
843
844
845
846
851
853
854
858
865
871
873
874
878
880
884
885
887
890
892
894
897
898
899
900
903
904
907
912
913
914
918
923
927
932
935
944
948
949
950
959
960
964
967
968
972
973
991
993
994
998
