1
5
6
7
19
22
26
27
28
30
34
38
41
44
51
55
58
59
61
63
65
73
75
86
94
95
97
101
102
105
107
114
115
116
119
120
123
126
128
132
142
144
154
159
163
176
177
180
181
186
190
191
192
197
199
203
205
209
210
217
218
225
227
228
232
240
241
246
252
263
264
265
271
273
278
280
282
288
290
291
292
299
302
304
306
307
309
310
313
314
323
324
326
328
331
333
335
337
341
342
343
347
349
351
355
356
358
362
366
367
372
373
379
380
391
397
398
401
403
406
407
410
414
426
429
435
437
440
444
445
446
449
450
451
455
457
459
462
463
470
471
473
474
477
481
485
494
498
501
504
505
509
510
518
524
525
533
535
538
540
542
543
544
547
552
557
559
562
563
566
567
569
573
576
579
580
591
598
599
604
609
611
614
617
620
623
625
627
628
631
635
640
641
642
643
644
646
647
652
654
655
658
666
668
669
672
673
675
676
677
685
689
691
693
694
695
697
709
712
715
716
719
724
725
727
730
737
740
744
745
750
751
761
764
767
773
776
777
779
784
790
791
798
816
821
824
826
828
830
835
836
837
841
847
853
861
864
865
867
870
873
877
878
879
883
886
888
891
896
897
899
901
904
914
920
921
922
925
930
931
932
933
945
948
949
955
957
960
966
972
974
975
981
983
984
986
987
989
991
995
