1
2
5
12
22
23
24
32
35
36
45
48
52
53
56
57
64
65
68
80
83
85
86
89
92
93
94
98
100
102
106
113
116
124
125
136
137
142
149
150
153
155
162
165
172
173
177
181
185
193
199
201
202
203
205
210
219
220
227
228
231
234
236
237
240
242
246
247
250
253
258
261
266
267
271
274
278
281
284
285
286
290
293
296
298
301
307
311
312
315
317
320
330
332
335
336
338
341
343
344
346
351
352
353
355
362
363
367
368
369
370
373
377
379
380
382
383
388
389
391
392
394
396
398
401
402
410
413
415
416
422
424
438
440
444
446
447
448
457
459
460
463
467
468
474
479
481
484
485
487
489
499
510
511
516
517
521
523
524
526
527
529
530
532
538
542
545
556
558
564
569
571
575
579
585
593
597
599
600
603
605
615
617
619
620
621
626
629
636
637
638
647
648
653
654
655
656
657
659
660
663
666
669
670
671
683
692
693
696
701
702
703
704
712
720
721
730
733
735
737
738
743
745
747
748
751
752
754
756
758
761
769
774
776
777
787
788
790
804
806
812
821
822
836
839
845
846
851
852
854
857
859
866
868
871
873
874
876
877
878
879
883
893
894
897
899
900
902
904
908
910
912
915
920
922
926
929
931
936
938
940
951
952
955
956
959
960
962
963
964
970
973
977
981
984
986
987
991
994
996
