1
5
13
14
17
18
22
27
39
42
49
51
54
58
65
68
70
73
74
84
87
91
95
100
102
103
104
112
113
120
121
123
127
130
143
144
145
150
155
157
158
163
165
168
169
172
179
180
181
183
185
188
190
197
199
202
204
211
212
223
225
226
228
230
233
236
242
246
253
256
258
259
262
265
274
275
279
280
285
288
289
296
297
298
299
301
302
308
315
316
317
324
327
329
336
338
344
347
360
361
363
367
370
371
373
377
378
379
382
384
386
387
389
393
402
405
406
412
416
420
421
422
423
424
427
428
429
430
436
445
446
447
454
456
457
459
466
469
473
479
488
490
496
497
500
504
506
509
515
516
517
524
527
541
548
549
550
560
562
564
569
572
573
574
577
585
587
592
599
605
607
611
613
615
618
620
622
623
627
630
637
639
640
641
643
644
650
653
657
658
659
661
667
669
677
683
684
686
687
691
697
699
703
706
710
712
713
716
717
720
721
728
729
730
731
735
738
740
748
749
750
756
757
767
769
773
774
776
780
781
784
788
790
793
794
797
801
802
803
804
807
808
810
813
826
829
830
832
833
838
843
845
848
849
852
858
862
865
875
880
881
891
893
894
896
900
910
913
914
916
917
919
920
921
923
928
933
939
942
946
947
950
953
956
957
967
970
972
973
976
977
986
988
989
990
991
995
996
997
998
