2
6
9
10
12
14
15
19
21
23
42
43
48
54
55
58
62
64
69
76
78
79
81
87
93
95
96
103
113
126
130
131
133
135
136
137
139
144
149
150
153
158
164
165
168
172
173
180
185
189
191
192
194
200
206
207
209
212
214
215
217
218
223
225
231
232
233
239
242
243
255
256
262
264
267
273
276
278
281
282
283
285
289
292
300
305
307
323
324
325
327
330
339
343
348
350
354
359
362
363
365
366
367
373
378
382
383
389
392
396
399
402
404
405
409
412
413
414
416
418
423
424
427
432
433
437
439
440
441
458
461
465
466
467
468
471
473
475
476
480
482
486
491
492
494
496
497
499
503
505
509
512
514
516
519
527
528
540
542
544
547
549
550
557
559
567
568
572
583
584
586
587
591
593
594
595
596
599
605
608
612
615
616
618
621
622
623
630
633
637
643
654
655
657
659
664
665
667
669
679
680
681
685
689
691
692
694
695
706
709
720
722
730
732
735
746
754
758
768
772
773
774
778
779
780
783
788
792
795
796
802
804
805
811
819
820
821
825
831
832
833
837
845
846
849
851
853
856
858
859
860
867
868
869
870
873
878
881
883
885
887
889
894
897
899
901
907
908
909
911
916
926
930
931
933
934
936
942
945
949
950
953
955
957
958
959
960
961
964
968
969
970
971
975
977
987
994
995
997
998
