1
5
12
14
40
41
44
50
52
54
62
67
72
81
83
84
85
89
94
95
96
99
100
101
102
103
104
111
112
120
122
123
126
134
137
143
144
147
149
153
154
155
164
168
172
174
178
180
183
187
189
195
197
198
208
211
212
215
217
222
225
226
228
236
238
239
240
242
245
249
251
252
253
257
258
263
266
268
270
273
274
276
281
282
288
289
291
299
301
302
304
305
307
308
309
310
311
316
320
321
322
325
326
330
332
338
345
346
348
352
355
357
362
367
368
370
377
378
379
380
393
399
404
405
408
417
418
419
421
425
428
429
440
441
443
447
449
450
454
457
458
460
462
474
478
479
481
483
484
488
491
497
499
502
503
505
516
517
519
529
531
535
536
537
538
540
543
548
549
550
552
553
555
556
558
561
566
569
574
576
596
598
601
607
608
609
611
612
619
620
622
623
626
629
630
639
640
642
644
649
652
653
655
656
658
659
666
669
670
676
681
682
689
694
697
699
700
703
708
711
717
718
722
730
732
734
738
739
755
756
757
761
762
765
767
771
773
777
779
780
785
786
789
796
798
799
800
801
806
808
811
815
824
825
830
832
837
844
848
850
852
854
862
869
870
876
883
885
886
888
907
910
911
914
919
929
930
933
943
947
948
951
952
954
957
958
961
964
965
967
975
976
977
980
981
982
983
986
988
999
