2
7
10
13
20
21
22
24
33
34
35
39
41
43
44
49
56
61
62
64
69
76
78
79
83
84
86
91
93
94
95
96
99
101
102
107
108
109
110
112
120
121
122
125
133
136
138
140
141
149
150
155
160
161
173
182
192
194
196
202
205
206
208
209
210
211
212
213
217
225
230
233
234
238
239
243
246
252
254
258
260
261
264
267
273
274
277
279
280
282
284
290
299
300
301
306
309
312
314
315
316
325
327
328
329
330
334
335
337
344
348
353
354
358
364
370
372
374
378
382
391
392
394
397
398
400
410
412
418
419
423
426
428
432
433
435
436
437
440
445
446
454
460
462
465
466
467
469
470
474
481
486
488
501
504
506
508
511
516
525
527
533
535
537
539
541
543
544
554
555
558
559
565
567
568
572
576
579
589
590
596
599
600
604
605
608
609
611
612
614
617
618
626
627
628
629
632
638
640
641
642
647
649
651
654
658
663
666
671
673
675
676
678
679
681
682
683
684
695
696
699
704
706
716
723
726
728
729
735
739
740
741
742
744
751
756
761
766
779
781
789
790
791
800
804
807
808
809
811
812
815
817
822
823
834
844
845
851
853
856
858
860
863
864
869
873
876
879
884
889
892
894
895
898
901
905
908
909
910
913
915
917
922
924
925
928
932
938
951
955
958
960
968
978
980
985
986
987
990
998
