4
8
11
15
17
24
27
30
35
37
38
39
42
46
47
49
59
60
64
66
68
72
74
75
77
78
87
97
99
101
102
110
113
114
115
120
123
125
128
135
137
140
142
144
145
147
151
152
154
158
161
163
165
166
169
171
179
186
189
191
194
195
199
204
211
213
215
218
220
222
223
231
232
234
243
244
253
256
257
262
264
274
275
280
281
282
290
292
297
298
300
302
303
305
306
309
310
313
317
318
321
323
324
325
329
330
331
334
339
340
344
351
355
357
358
359
361
362
364
365
367
368
375
379
382
392
407
419
420
422
424
429
433
436
437
438
444
454
460
462
464
470
473
484
485
488
492
495
496
498
502
507
511
513
515
520
522
524
526
527
532
534
553
555
558
559
560
567
573
579
581
585
586
587
588
589
591
594
598
599
600
602
608
613
614
615
616
625
632
634
635
638
640
641
644
646
653
663
664
675
681
682
687
691
697
700
711
715
716
718
724
727
728
735
736
737
741
744
748
751
752
753
755
756
762
770
771
772
777
779
780
783
789
790
794
796
797
807
808
811
814
815
816
817
819
822
826
830
831
835
838
841
849
850
851
857
861
863
864
868
870
872
882
883
885
886
892
897
900
902
904
907
910
915
918
919
920
922
925
930
931
941
943
953
954
959
963
968
972
973
974
975
976
979
980
982
984
991
996
999
