[0, 20, 0, 0, 0, 0, 0, 0, 0, 0, 0, 0, 0, 0, 0, 0, 0, 49, 0, 0, 0, 0, 0, 11, 0, 0, 0, 0, 0, 38, 0, 0, 0, 0, 0, 0, 0, 0, 0, 0, 0, 0, 0, 0, 0, 0, 0, 0, 0, 0, 0, 0, 127, 0, 0, 0, 0, 0, 0, 0, 0, 0, 0, 0, 0, 0, 0, 0, 0, 0, 0, 0, 0, 0, 0, 0, 0, 0, 0, 0, 0, 0, 0, 0, 0, 0, 0, 0, 0, 0, 0, 0, 0, 0, 0, 0, 0, 0, 0, 0, 125, 0, 0, 0, 0, 0, 0, 0, 0, 0, 0, 0, 0, 0, 19, 0, 0, 0, 0, 0, 0, 0, 35, 0, 0, 0, 0, 0, 0, 0, 0, 19, 0, 0, 0, 0, 0, 0, 0, 0, 0, 0, 53, 0, 0, 0, 0, 0, 0, 0]
[1, 16, 0, 0, 0, 0, 0, 0, 0, 10, 0, 1, 5, 0, 0, 0, 0, 16, 0, 18, 0, 0, 0, 6, 2, 0, 0, 0, 14, 7, 0, 0, 0, 0, 0, 13, 0, 17, 0, 9, 0, 0, 0, 0, 12, 0, 0, 18, 0, 0, 0, 3, 2, 0, 10, 0, 8, 0, 5, 0, 0, 0, 5, 0, 0, 10, 0, 0, 0, 3, 0, 4, 0, 0, 0, 0, 17, 0, 0, 0, 0, 2, 0, 3, 5, 1, 7, 8, 0, 0, 6, 2, 0, 0, 5, 1, 0, 0, 0, 0, 14, 0, 18, 0, 0, 14, 17, 0, 0, 6, 0, 0, 0, 0, 12, 0, 2, 0, 0, 0, 19, 0, 0, 0, 16, 0, 0, 0, 0, 6, 0, 5, 0, 0, 0, 11, 0, 0, 0, 14, 0, 0, 13, 0, 3, 4, 0, 0, 5, 0]
[1, 16, 0, 0, 0, 0, 0, 0, 0, 10, 0, 1, 5, 0, 0, 0, 0, 16, 0, 18, 0, 0, 0, 6, 2, 0, 0, 0, 14, 7, 0, 0, 0, 0, 0, 13, 0, 17, 0, 9, 0, 0, 0, 0, 12, 0, 0, 18, 0, 0, 0, 3, 2, 0, 10, 0, 8, 0, 5, 0, 0, 0, 5, 0, 0, 10, 0, 0, 0, 3, 0, 4, 0, 0, 0, 0, 17, 0, 0, 0, 0, 2, 0, 3, 5, 1, 7, 8, 0, 0, 6, 2, 0, 0, 5, 1, 0, 0, 0, 0, 14, 0, 18, 0, 0, 14, 17, 0, 0, 6, 0, 0, 0, 0, 12, 0, 2, 0, 0, 0, 19, 0, 0, 0, 16, 0, 0, 0, 0, 6, 0, 5, 0, 0, 0, 11, 0, 0, 0, 14, 0, 0, 13, 0, 3, 4, 0, 0, 5, 0]
[0, 20, 0, 0, 0, 0, 0, 0, 0, 0, 0, 0, 0, 0, 0, 0, 0, 49, 0, 0, 0, 0, 0, 11, 0, 0, 0, 0, 0, 38, 0, 0, 0, 0, 0, 0, 0, 0, 0, 0, 0, 0, 0, 0, 0, 0, 0, 0, 0, 0, 0, 0, 127, 0, 0, 0, 0, 0, 0, 0, 0, 0, 0, 0, 0, 0, 0, 0, 0, 0, 0, 0, 0, 0, 0, 0, 0, 0, 0, 0, 0, 0, 0, 0, 0, 0, 0, 0, 0, 0, 0, 0, 0, 0, 0, 0, 0, 0, 0, 0, 125, 0, 0, 0, 0, 0, 0, 0, 0, 0, 0, 0, 0, 0, 19, 0, 0, 0, 0, 0, 0, 0, 35, 0, 0, 0, 0, 0, 0, 0, 0, 19, 0, 0, 0, 0, 0, 0, 0, 0, 0, 0, 53, 0, 0, 0, 0, 0, 0, 0]
[0, 20, 0, 0, 0, 0, 0, 0, 0, 0, 0, 0, 0, 0, 0, 0, 0, 49, 0, 0, 0, 0, 0, 11, 0, 0, 0, 0, 0, 38, 0, 0, 0, 0, 0, 0, 0, 0, 0, 0, 0, 61, 0, 0, 0, 0, 0, 0, 0, 0, 0, 0, 3, 0, 0, 0, 29, 0, 0, 0, 0, 0, 0, 0, 0, 0, 0, 0, 0, 0, 0, 0, 0, 0, 0, 0, 60, 0, 0, 0, 0, 0, 0, 0, 0, 0, 0, 0, 0, 0, 0, 0, 0, 0, 0, 0, 0, 0, 0, 0, 67, 0, 0, 0, 0, 0, 32, 0, 0, 0, 0, 0, 0, 0, 11, 0, 0, 0, 0, 0, 0, 0, 43, 0, 0, 0, 0, 0, 0, 0, 0, 11, 0, 0, 0, 0, 0, 0, 0, 0, 0, 0, 61, 0, 0, 0, 0, 0, 0, 0]
[0, 20, 0, 0, 0, 0, 0, 0, 0, 0, 0, 0, 0, 0, 0, 0, 0, 49, 0, 0, 0, 0, 0, 11, 0, 0, 0, 0, 0, 38, 0, 0, 0, 0, 0, 0, 0, 0, 0, 0, 0, 61, 0, 0, 0, 0, 0, 0, 0, 0, 0, 0, 3, 0, 0, 0, 29, 0, 0, 0, 0, 0, 0, 0, 0, 0, 0, 0, 0, 0, 0, 0, 0, 0, 0, 0, 0, 62, 0, 0, 0, 0, 0, 0, 0, 0, 0, 0, 0, 0, 0, 0, 0, 0, 0, 0, 0, 0, 0, 0, 63, 0, 0, 0, 0, 3, 28, 0, 0, 0, 0, 0, 0, 0, 15, 0, 0, 0, 0, 0, 0, 0, 39, 0, 0, 0, 0, 0, 0, 0, 0, 15, 0, 0, 0, 0, 0, 0, 0, 0, 0, 0, 57, 0, 0, 0, 0, 0, 0, 0]
[0, 20, 0, 0, 0, 0, 0, 0, 0, 0, 0, 18, 0, 0, 0, 0, 0, 11, 0, 23, 0, 0, 0, 2, 6, 0, 0, 0, 0, 33, 0, 0, 0, 0, 0, 0, 0, 19, 0, 0, 0, 26, 0, 0, 0, 0, 0, 8, 0, 0, 0, 0, 20, 0, 0, 0, 12, 0, 0, 0, 0, 0, 0, 15, 0, 0, 0, 0, 0, 0, 0, 22, 0, 0, 0, 0, 0, 2, 0, 0, 0, 0, 0, 22, 0, 0, 0, 20, 0, 0, 0, 0, 9, 0, 0, 0, 0, 0, 0, 0, 15, 0, 17, 0, 0, 15, 16, 0, 0, 0, 0, 0, 0, 0, 27, 0, 0, 0, 0, 0, 0, 0, 27, 0, 0, 0, 0, 0, 0, 0, 0, 27, 0, 0, 0, 0, 0, 0, 0, 0, 0, 0, 45, 0, 0, 0, 0, 0, 0, 0]
[0, 20, 0, 0, 0, 0, 0, 0, 0, 0, 0, 18, 0, 0, 0, 0, 0, 11, 0, 23, 0, 0, 0, 2, 6, 0, 0, 0, 0, 33, 0, 0, 0, 0, 0, 0, 0, 19, 0, 0, 0, 26, 0, 0, 0, 0, 0, 8, 0, 0, 0, 0, 20, 0, 0, 0, 12, 0, 0, 0, 0, 0, 0, 15, 0, 0, 0, 0, 0, 0, 0, 22, 0, 0, 0, 0, 0, 2, 0, 0, 0, 0, 0, 22, 0, 0, 0, 20, 0, 0, 0, 0, 9, 0, 0, 0, 0, 0, 0, 0, 15, 0, 17, 0, 0, 15, 16, 0, 0, 0, 0, 0, 0, 0, 27, 0, 0, 0, 0, 0, 0, 0, 27, 0, 0, 0, 0, 0, 0, 0, 0, 27, 0, 0, 0, 0, 0, 0, 0, 16, 0, 0, 11, 0, 0, 0, 0, 21, 0, 0]
[0, 20, 0, 0, 0, 0, 0, 0, 0, 0, 0, 0, 0, 0, 0, 0, 0, 49, 0, 0, 0, 0, 0, 11, 0, 0, 0, 0, 15, 0, 0, 0, 0, 0, 0, 28, 0, 0, 0, 0, 0, 49, 0, 0, 0, 0, 0, 0, 0, 0, 0, 0, 15, 0, 0, 0, 17, 0, 0, 0, 0, 0, 0, 0, 0, 0, 0, 0, 0, 0, 0, 0, 0, 0, 0, 0, 0, 74, 0, 0, 0, 0, 0, 0, 0, 0, 0, 0, 0, 0, 0, 0, 0, 0, 0, 0, 0, 0, 0, 0, 51, 0, 0, 0, 0, 15, 16, 0, 0, 0, 0, 0, 0, 0, 27, 0, 0, 0, 0, 0, 0, 0, 27, 0, 0, 0, 0, 0, 0, 0, 0, 27, 0, 0, 0, 0, 0, 0, 0, 0, 0, 0, 45, 0, 0, 0, 0, 0, 0, 0]
[0, 20, 0, 0, 0, 0, 0, 0, 0, 0, 0, 18, 0, 0, 0, 0, 0, 11, 0, 23, 0, 0, 0, 2, 0, 0, 0, 0, 0, 47, 0, 0, 0, 0, 0, 0, 0, 0, 0, 0, 0, 52, 0, 0, 0, 0, 0, 0, 0, 0, 0, 0, 12, 0, 0, 0, 20, 0, 0, 0, 0, 0, 0, 0, 0, 0, 0, 0, 0, 0, 0, 0, 0, 0, 0, 0, 69, 0, 0, 0, 0, 0, 0, 0, 0, 0, 0, 2, 0, 0, 0, 0, 0, 0, 0, 0, 0, 0, 0, 0, 53, 0, 0, 0, 0, 13, 18, 0, 0, 0, 0, 0, 0, 0, 25, 0, 0, 0, 0, 0, 0, 0, 29, 0, 0, 0, 0, 0, 0, 0, 0, 25, 0, 0, 0, 0, 0, 0, 0, 0, 0, 0, 47, 0, 0, 0, 0, 0, 0, 0]
[0, 20, 0, 0, 0, 0, 0, 0, 0, 0, 0, 18, 0, 0, 0, 0, 0, 11, 0, 23, 0, 0, 0, 2, 6, 0, 0, 0, 10, 11, 0, 0, 0, 0, 0, 9, 0, 21, 0, 0, 0, 24, 0, 0, 0, 0, 0, 10, 0, 0, 0, 0, 18, 0, 0, 0, 14, 0, 0, 0, 0, 0, 11, 0, 0, 4, 0, 0, 0, 0, 0, 18, 0, 0, 0, 0, 3, 0, 0, 0, 0, 0, 0, 23, 0, 0, 0, 19, 0, 0, 0, 0, 10, 0, 0, 0, 0, 0, 0, 0, 14, 0, 18, 0, 0, 14, 17, 0, 0, 6, 0, 0, 0, 0, 12, 0, 0, 0, 0, 0, 24, 0, 0, 0, 11, 0, 0, 0, 0, 0, 0, 24, 0, 0, 0, 0, 0, 0, 0, 19, 0, 0, 8, 0, 0, 0, 0, 24, 0, 0]
[0, 20, 0, 0, 0, 0, 0, 0, 0, 0, 0, 18, 0, 0, 0, 0, 0, 11, 0, 23, 0, 0, 0, 2, 0, 0, 0, 0, 24, 0, 0, 0, 0, 0, 0, 19, 0, 11, 0, 0, 0, 34, 0, 0, 0, 0, 0, 0, 0, 0, 0, 0, 30, 0, 0, 0, 2, 0, 0, 0, 0, 0, 0, 25, 0, 0, 0, 0, 0, 0, 0, 0, 0, 0, 0, 0, 35, 0, 0, 0, 0, 0, 0, 0, 0, 0, 0, 35, 0, 0, 0, 0, 0, 0, 0, 0, 0, 0, 0, 0, 20, 0, 12, 0, 0, 20, 11, 0, 0, 0, 0, 0, 0, 0, 32, 0, 0, 0, 0, 0, 0, 0, 22, 0, 0, 0, 0, 0, 0, 0, 0, 32, 0, 0, 0, 0, 0, 0, 0, 11, 0, 0, 16, 0, 0, 0, 0, 16, 0, 0]
[0, 20, 0, 0, 0, 0, 0, 0, 0, 0, 0, 0, 0, 0, 0, 0, 0, 49, 0, 0, 0, 0, 0, 11, 0, 0, 0, 0, 0, 38, 0, 0, 0, 0, 0, 0, 0, 14, 0, 0, 0, 31, 0, 0, 0, 0, 0, 0, 0, 0, 0, 0, 33, 0, 0, 0, 1, 0, 0, 0, 0, 0, 0, 26, 0, 0, 0, 0, 0, 0, 0, 0, 0, 0, 0, 0, 34, 0, 0, 0, 0, 0, 0, 0, 0, 0, 0, 36, 0, 0, 0, 0, 0, 0, 0, 0, 0, 0, 0, 0, 19, 0, 13, 0, 0, 19, 12, 0, 0, 0, 0, 0, 0, 0, 31, 0, 0, 0, 0, 0, 0, 0, 23, 0, 0, 0, 0, 0, 0, 0, 0, 31, 0, 0, 0, 0, 0, 0, 0, 0, 0, 0, 43, 0, 0, 0, 0, 0, 0, 0]
[1, 16, 0, 0, 0, 0, 0, 0, 0, 10, 0, 1, 5, 0, 0, 0, 0, 16, 0, 18, 0, 0, 0, 6, 2, 0, 0, 0, 14, 7, 0, 0, 0, 0, 0, 13, 0, 17, 0, 9, 0, 0, 0, 0, 12, 0, 0, 18, 0, 0, 0, 0, 10, 0, 2, 0, 16, 0, 0, 0, 0, 0, 9, 0, 0, 6, 0, 0, 0, 0, 0, 16, 0, 0, 0, 0, 0, 7, 0, 0, 0, 0, 0, 17, 0, 0, 8, 7, 0, 0, 7, 1, 3, 0, 0, 0, 0, 0, 0, 0, 21, 0, 11, 0, 0, 21, 10, 0, 0, 13, 0, 0, 0, 0, 5, 0, 8, 0, 0, 0, 13, 0, 0, 0, 22, 0, 0, 0, 0, 0, 0, 13, 0, 0, 0, 3, 0, 0, 0, 22, 0, 0, 5, 0, 11, 0, 0, 0, 7, 0]
[0, 20, 0, 0, 0, 0, 0, 0, 0, 0, 0, 18, 0, 0, 0, 0, 0, 11, 0, 23, 0, 0, 0, 2, 0, 0, 0, 0, 24, 0, 0, 0, 0, 0, 0, 19, 0, 11, 0, 0, 0, 34, 0, 0, 0, 0, 0, 0, 0, 0, 0, 0, 30, 0, 0, 0, 2, 0, 0, 0, 0, 0, 0, 25, 0, 0, 0, 0, 0, 0, 0, 0, 0, 0, 0, 0, 35, 0, 0, 0, 0, 0, 0, 0, 0, 0, 0, 35, 0, 0, 0, 0, 0, 0, 0, 0, 0, 0, 0, 0, 20, 0, 0, 0, 0, 46, 0, 0, 0, 0, 0, 0, 0, 0, 30, 0, 0, 0, 0, 0, 0, 0, 24, 0, 0, 0, 0, 0, 0, 0, 0, 30, 0, 0, 0, 0, 0, 0, 0, 0, 0, 0, 43, 0, 0, 0, 0, 0, 0, 0]
[0, 20, 0, 0, 0, 0, 0, 0, 0, 6, 0, 4, 0, 0, 0, 0, 0, 25, 0, 9, 0, 0, 0, 15, 0, 0, 0, 0, 11, 10, 0, 0, 0, 0, 0, 10, 0, 20, 0, 6, 0, 0, 0, 0, 15, 0, 0, 15, 0, 0, 0, 0, 13, 0, 1, 0, 17, 0, 0, 0, 0, 0, 8, 0, 0, 7, 0, 0, 0, 0, 0, 15, 0, 0, 0, 0, 0, 8, 0, 0, 0, 0, 0, 16, 0, 0, 9, 6, 0, 0, 8, 1, 0, 0, 6, 0, 0, 0, 0, 0, 15, 0, 17, 0, 0, 15, 16, 0, 0, 7, 0, 0, 0, 0, 11, 0, 2, 0, 0, 0, 19, 0, 0, 0, 16, 0, 0, 0, 0, 0, 13, 0, 0, 0, 0, 9, 0, 0, 0, 16, 0, 0, 11, 0, 5, 0, 0, 9, 0, 0]
[0, 20, 0, 0, 0, 0, 0, 0, 0, 0, 0, 0, 0, 0, 0, 0, 0, 49, 0, 0, 0, 0, 0, 11, 0, 0, 0, 0, 0, 38, 0, 0, 0, 0, 0, 0, 0, 14, 0, 0, 0, 31, 0, 0, 0, 0, 0, 0, 0, 0, 0, 0, 33, 0, 0, 0, 1, 0, 0, 0, 0, 0, 0, 26, 0, 0, 0, 0, 0, 0, 0, 0, 0, 0, 0, 0, 0, 36, 0, 0, 0, 0, 0, 0, 0, 0, 0, 32, 0, 0, 0, 0, 0, 0, 0, 0, 0, 0, 0, 0, 23, 0, 0, 0, 0, 43, 0, 0, 0, 0, 0, 0, 0, 0, 33, 0, 0, 0, 0, 0, 0, 0, 21, 0, 0, 0, 0, 0, 0, 0, 0, 33, 0, 0, 0, 0, 0, 0, 0, 0, 0, 0, 43, 0, 0, 0, 0, 0, 0, 0]
[1, 16, 0, 0, 0, 0, 0, 0, 0, 10, 0, 1, 5, 0, 0, 0, 0, 16, 0, 18, 0, 0, 0, 6, 2, 0, 0, 0, 14, 7, 0, 0, 0, 0, 0, 13, 0, 17, 0, 9, 0, 0, 0, 0, 12, 0, 0, 18, 0, 0, 0, 3, 2, 0, 10, 0, 8, 0, 5, 0, 0, 0, 5, 0, 0, 10, 0, 0, 0, 0, 0, 12, 0, 0, 0, 0, 0, 11, 0, 0, 0, 6, 0, 1, 7, 0, 8, 7, 0, 0, 7, 1, 0, 0, 6, 0, 0, 0, 0, 0, 15, 0, 17, 0, 0, 15, 16, 0, 0, 7, 0, 0, 0, 0, 11, 0, 2, 0, 0, 0, 19, 0, 0, 0, 16, 0, 0, 0, 0, 6, 0, 5, 0, 0, 0, 11, 0, 0, 0, 14, 0, 0, 13, 0, 3, 4, 0, 0, 5, 0]
[1, 16, 0, 0, 0, 0, 0, 0, 0, 10, 0, 1, 5, 0, 0, 0, 0, 16, 0, 18, 0, 0, 0, 6, 2, 0, 0, 0, 14, 7, 0, 0, 0, 0, 0, 13, 0, 17, 0, 9, 0, 0, 0, 0, 12, 0, 0, 18, 0, 0, 0, 3, 2, 0, 10, 0, 8, 0, 5, 0, 0, 0, 5, 0, 0, 10, 0, 0, 0, 0, 0, 12, 0, 0, 0, 0, 9, 0, 0, 0, 0, 0, 0, 17, 0, 0, 8, 7, 0, 0, 7, 1, 0, 0, 6, 0, 0, 0, 0, 0, 15, 0, 17, 0, 0, 15, 16, 0, 0, 7, 0, 0, 0, 0, 11, 0, 2, 0, 0, 0, 19, 0, 0, 0, 16, 0, 0, 0, 0, 6, 0, 5, 0, 0, 0, 11, 0, 0, 0, 14, 0, 0, 13, 0, 3, 4, 0, 0, 5, 0]
[1, 16, 0, 0, 0, 0, 0, 0, 0, 10, 0, 1, 5, 0, 0, 0, 0, 16, 0, 18, 0, 0, 0, 6, 2, 0, 0, 0, 14, 7, 0, 0, 0, 0, 0, 13, 0, 17, 0, 9, 0, 0, 0, 0, 12, 0, 0, 18, 0, 0, 0, 0, 10, 0, 2, 0, 16, 0, 0, 0, 0, 0, 9, 0, 0, 6, 0, 0, 0, 0, 0, 16, 0, 0, 0, 0, 0, 7, 0, 0, 0, 0, 0, 17, 0, 0, 8, 7, 0, 0, 7, 1, 0, 0, 6, 0, 0, 0, 0, 0, 15, 0, 17, 0, 0, 15, 16, 0, 0, 7, 0, 0, 0, 0, 11, 0, 2, 0, 0, 0, 19, 0, 0, 0, 16, 0, 0, 0, 0, 6, 0, 5, 0, 0, 0, 11, 0, 0, 0, 14, 0, 0, 13, 0, 3, 4, 0, 0, 5, 0]
[0, 20, 0, 0, 0, 0, 0, 0, 0, 0, 0, 18, 0, 0, 0, 0, 0, 11, 0, 23, 0, 0, 0, 2, 6, 0, 0, 0, 10, 11, 0, 0, 0, 0, 0, 9, 0, 21, 0, 0, 0, 24, 0, 0, 0, 0, 0, 10, 0, 0, 0, 0, 18, 0, 0, 0, 14, 0, 0, 0, 0, 0, 11, 0, 0, 4, 0, 0, 0, 0, 0, 18, 0, 0, 0, 0, 3, 0, 0, 0, 0, 0, 0, 23, 0, 0, 0, 19, 0, 0, 0, 0, 10, 0, 0, 0, 0, 0, 0, 0, 14, 0, 18, 0, 0, 14, 17, 0, 0, 6, 0, 0, 0, 0, 12, 0, 0, 0, 0, 0, 24, 0, 0, 0, 11, 0, 0, 0, 0, 0, 0, 24, 0, 0, 0, 0, 0, 0, 0, 19, 0, 0, 8, 0, 8, 0, 0, 9, 0, 0]
[0, 20, 0, 0, 0, 0, 0, 0, 0, 0, 0, 18, 0, 0, 0, 0, 0, 11, 0, 23, 0, 0, 0, 2, 6, 0, 0, 0, 10, 11, 0, 0, 0, 0, 0, 9, 0, 21, 0, 0, 0, 24, 0, 0, 0, 0, 0, 10, 0, 0, 0, 0, 18, 0, 0, 0, 14, 0, 0, 0, 0, 0, 0, 13, 0, 0, 0, 0, 0, 0, 0, 24, 0, 0, 0, 0, 0, 1, 0, 0, 0, 0, 0, 23, 0, 0, 0, 19, 0, 0, 0, 0, 10, 0, 0, 0, 0, 0, 0, 0, 14, 0, 18, 0, 0, 14, 17, 0, 0, 0, 0, 0, 0, 0, 26, 0, 0, 0, 0, 0, 0, 0, 28, 0, 0, 0, 0, 0, 0, 0, 0, 26, 0, 0, 0, 0, 0, 0, 0, 17, 0, 0, 10, 0, 0, 0, 0, 22, 0, 0]
[0, 20, 0, 0, 0, 0, 0, 0, 0, 0, 0, 18, 0, 0, 0, 0, 0, 11, 0, 23, 0, 0, 0, 2, 0, 0, 0, 0, 24, 0, 0, 0, 0, 0, 0, 19, 0, 11, 0, 0, 0, 34, 0, 0, 0, 0, 0, 0, 0, 0, 0, 0, 30, 0, 0, 0, 2, 0, 0, 0, 0, 0, 0, 25, 0, 0, 0, 0, 0, 0, 0, 0, 0, 0, 0, 0, 35, 0, 0, 0, 0, 0, 0, 0, 0, 0, 0, 35, 0, 0, 0, 0, 0, 0, 0, 0, 0, 0, 0, 0, 20, 0, 12, 0, 0, 20, 11, 0, 0, 0, 0, 0, 0, 0, 32, 0, 0, 0, 0, 0, 0, 0, 22, 0, 0, 0, 0, 0, 0, 0, 0, 32, 0, 0, 0, 0, 0, 0, 0, 0, 0, 0, 43, 0, 0, 0, 0, 0, 0, 0]
[0, 20, 0, 0, 0, 0, 0, 0, 0, 0, 0, 18, 0, 0, 0, 0, 0, 11, 0, 23, 0, 0, 0, 2, 6, 0, 0, 0, 10, 11, 0, 0, 0, 0, 0, 9, 0, 21, 0, 5, 0, 0, 0, 0, 16, 0, 0, 14, 0, 0, 0, 0, 14, 0, 0, 0, 18, 0, 0, 0, 0, 0, 7, 0, 0, 8, 0, 0, 0, 0, 0, 14, 0, 0, 0, 0, 7, 0, 0, 0, 0, 0, 0, 19, 0, 0, 0, 23, 0, 0, 0, 0, 6, 0, 0, 0, 0, 0, 0, 0, 18, 0, 14, 0, 0, 18, 13, 0, 0, 10, 0, 0, 0, 0, 8, 0, 5, 0, 0, 0, 16, 0, 0, 0, 19, 0, 0, 0, 0, 0, 0, 16, 0, 0, 0, 0, 0, 0, 0, 27, 0, 0, 1, 0, 15, 0, 0, 9, 0, 0]
[1, 16, 0, 0, 0, 0, 0, 0, 0, 10, 0, 1, 5, 0, 0, 0, 0, 16, 0, 18, 0, 0, 0, 6, 2, 0, 0, 0, 14, 7, 0, 0, 0, 0, 0, 13, 0, 17, 0, 9, 0, 0, 0, 0, 12, 0, 0, 18, 0, 0, 0, 0, 10, 0, 2, 0, 16, 0, 0, 0, 0, 0, 9, 0, 0, 6, 0, 0, 0, 0, 0, 16, 0, 0, 0, 0, 0, 7, 0, 0, 0, 0, 0, 17, 0, 0, 8, 7, 0, 0, 7, 1, 0, 0, 6, 0, 0, 0, 0, 0, 15, 0, 17, 0, 0, 15, 16, 0, 0, 7, 0, 0, 0, 0, 11, 0, 2, 0, 0, 0, 19, 0, 0, 0, 16, 0, 0, 0, 0, 6, 0, 5, 0, 0, 0, 11, 0, 0, 0, 14, 0, 0, 13, 0, 3, 0, 0, 11, 0, 0]
[0, 20, 0, 0, 0, 0, 0, 0, 0, 0, 0, 18, 0, 0, 0, 0, 0, 11, 0, 23, 0, 0, 0, 2, 6, 0, 0, 0, 10, 11, 0, 0, 0, 0, 0, 9, 0, 21, 0, 5, 0, 0, 0, 0, 16, 0, 0, 14, 0, 0, 0, 0, 14, 0, 0, 0, 18, 0, 0, 0, 0, 0, 7, 0, 0, 8, 0, 0, 0, 0, 0, 14, 0, 0, 0, 0, 7, 0, 0, 0, 0, 0, 0, 19, 0, 0, 0, 23, 0, 0, 0, 0, 6, 0, 0, 0, 0, 0, 0, 0, 18, 0, 14, 0, 0, 18, 13, 0, 0, 10, 0, 0, 0, 0, 8, 0, 5, 0, 0, 0, 16, 0, 0, 0, 19, 0, 0, 0, 0, 3, 0, 8, 0, 0, 0, 8, 0, 0, 0, 17, 0, 0, 10, 0, 6, 0, 0, 9, 0, 0]
[0, 20, 0, 0, 0, 0, 0, 0, 0, 0, 0, 18, 0, 0, 0, 0, 0, 11, 0, 23, 0, 0, 0, 2, 6, 0, 0, 0, 10, 11, 0, 0, 0, 0, 0, 9, 0, 21, 0, 5, 0, 0, 0, 0, 16, 0, 0, 14, 0, 0, 0, 0, 14, 0, 0, 0, 18, 0, 0, 0, 0, 0, 7, 0, 0, 8, 0, 0, 0, 0, 0, 14, 0, 0, 0, 0, 0, 9, 0, 0, 0, 0, 0, 15, 0, 0, 10, 5, 0, 0, 9, 0, 4, 0, 0, 0, 0, 0, 0, 0, 20, 0, 12, 0, 0, 20, 11, 0, 0, 12, 0, 0, 0, 0, 6, 0, 7, 0, 0, 0, 14, 0, 0, 0, 21, 0, 0, 0, 0, 2, 0, 9, 0, 0, 0, 7, 0, 0, 0, 18, 0, 0, 9, 0, 7, 0, 0, 0, 11, 0]
[0, 20, 0, 0, 0, 0, 0, 0, 0, 0, 0, 18, 0, 0, 0, 0, 0, 11, 0, 23, 0, 0, 0, 2, 0, 0, 0, 0, 24, 0, 0, 0, 0, 0, 0, 19, 0, 11, 0, 0, 0, 34, 0, 0, 0, 0, 0, 0, 0, 0, 0, 0, 30, 0, 0, 0, 2, 0, 0, 0, 0, 0, 0, 25, 0, 0, 0, 0, 0, 0, 0, 0, 0, 0, 0, 0, 35, 0, 0, 0, 0, 0, 0, 0, 0, 0, 0, 35, 0, 0, 0, 0, 0, 0, 0, 0, 0, 0, 0, 0, 20, 0, 12, 0, 0, 20, 11, 0, 0, 0, 0, 0, 0, 0, 32, 0, 0, 0, 0, 0, 0, 0, 22, 0, 0, 0, 0, 0, 0, 0, 0, 32, 0, 0, 0, 0, 0, 0, 0, 0, 0, 0, 40, 0, 0, 0, 0, 9, 0, 0]
[0, 20, 0, 0, 0, 0, 0, 0, 0, 0, 0, 18, 0, 0, 0, 0, 0, 11, 0, 23, 0, 0, 0, 2, 6, 0, 0, 0, 10, 11, 0, 0, 0, 0, 0, 9, 0, 21, 0, 5, 0, 0, 0, 0, 16, 0, 0, 14, 0, 0, 0, 0, 14, 0, 0, 0, 18, 0, 0, 0, 0, 0, 7, 0, 0, 8, 0, 0, 0, 0, 0, 14, 0, 0, 0, 0, 0, 9, 0, 0, 0, 0, 0, 15, 0, 0, 10, 5, 0, 0, 9, 0, 4, 0, 0, 0, 0, 0, 0, 0, 20, 0, 12, 0, 0, 20, 11, 0, 0, 12, 0, 0, 0, 0, 6, 0, 7, 0, 0, 0, 14, 0, 0, 0, 21, 0, 0, 0, 0, 0, 0, 14, 0, 0, 0, 2, 0, 0, 0, 23, 0, 0, 4, 0, 12, 0, 0, 0, 6, 0]
[1, 16, 0, 0, 0, 0, 0, 0, 0, 10, 0, 1, 5, 0, 0, 0, 0, 16, 0, 18, 0, 0, 0, 6, 2, 0, 0, 0, 14, 7, 0, 0, 0, 0, 0, 13, 0, 17, 0, 9, 0, 0, 0, 0, 12, 0, 0, 18, 0, 0, 0, 3, 2, 0, 10, 0, 8, 0, 5, 0, 0, 0, 5, 0, 0, 10, 0, 0, 0, 0, 0, 12, 0, 0, 0, 0, 9, 0, 0, 0, 0, 0, 0, 17, 0, 0, 8, 7, 0, 0, 7, 1, 0, 0, 6, 0, 0, 0, 0, 0, 15, 0, 17, 0, 0, 15, 16, 0, 0, 7, 0, 0, 0, 0, 11, 0, 2, 0, 0, 0, 19, 0, 0, 0, 16, 0, 0, 0, 0, 6, 0, 5, 0, 0, 0, 11, 0, 0, 0, 14, 0, 0, 13, 0, 3, 4, 0, 0, 5, 0]
[0, 20, 0, 0, 0, 0, 0, 0, 0, 0, 0, 18, 0, 0, 0, 0, 0, 11, 0, 23, 0, 0, 0, 2, 6, 0, 0, 0, 10, 11, 0, 0, 0, 0, 0, 9, 0, 21, 0, 0, 0, 24, 0, 0, 0, 0, 0, 10, 0, 0, 0, 0, 18, 0, 0, 0, 14, 0, 0, 0, 0, 0, 0, 13, 0, 0, 0, 0, 0, 0, 0, 24, 0, 0, 0, 0, 0, 1, 0, 0, 0, 0, 0, 23, 0, 0, 0, 19, 0, 0, 0, 0, 10, 0, 0, 0, 0, 0, 0, 0, 14, 0, 18, 0, 0, 14, 17, 0, 0, 0, 0, 0, 0, 0, 26, 0, 0, 0, 0, 0, 0, 0, 28, 0, 0, 0, 0, 0, 0, 0, 0, 26, 0, 0, 0, 0, 0, 0, 0, 17, 0, 0, 10, 0, 0, 0, 0, 22, 0, 0]
[0, 20, 0, 0, 0, 0, 0, 0, 0, 0, 0, 18, 0, 0, 0, 0, 0, 11, 0, 23, 0, 0, 0, 2, 6, 0, 0, 0, 10, 11, 0, 0, 0, 0, 0, 9, 0, 21, 0, 0, 0, 24, 0, 0, 0, 0, 0, 10, 0, 0, 0, 0, 18, 0, 0, 0, 14, 0, 0, 0, 0, 0, 11, 0, 0, 4, 0, 0, 0, 0, 0, 18, 0, 0, 0, 0, 3, 0, 0, 0, 0, 0, 0, 23, 0, 0, 0, 19, 0, 0, 0, 0, 10, 0, 0, 0, 0, 0, 0, 0, 14, 0, 18, 0, 0, 14, 17, 0, 0, 6, 0, 0, 0, 0, 12, 0, 2, 0, 0, 0, 19, 0, 0, 0, 16, 0, 0, 0, 0, 6, 0, 5, 0, 0, 0, 11, 0, 0, 0, 14, 0, 0, 13, 0, 3, 0, 0, 11, 0, 0]
