[0, 11, 0, 8, 0, 11, 0, 0, 0, 0, 6, 0, 0, 22, 0, 0, 0, 0, 6, 0, 0, 0, 0, 12, 0, 0, 0, 18, 0, 0, 10, 0, 0, 0, 11, 0, 0, 0, 0, 13, 15, 0, 0, 7, 0, 0, 0, 0, 0, 0, 20, 2, 0, 17, 16, 0, 0, 0, 19, 0, 0, 0, 16, 0, 0, 0, 15, 0, 0, 5, 0, 0, 0, 0, 0, 19, 0, 0, 0, 0, 0, 15, 0, 0, 11, 0, 0, 2, 0, 0, 0, 0, 0, 0, 18, 0, 0, 0, 15, 0, 0, 0, 0, 0, 0, 0, 18, 0, 0, 0, 0, 0, 24, 0, 0, 0, 0, 0, 17, 16, 0, 0, 0, 11, 0, 0, 0, 0, 0, 0, 4, 0, 0, 0, 6, 0, 0, 3, 0, 0, 8, 0, 11, 0, 0, 0, 0, 0, 8, 0]
[0, 0, 0, 32, 0, 0, 0, 0, 0, 0, 6, 0, 0, 22, 0, 0, 0, 0, 0, 0, 0, 0, 0, 26, 0, 0, 0, 4, 0, 0, 0, 0, 0, 0, 47, 0, 0, 0, 0, 0, 0, 0, 0, 31, 0, 0, 0, 0, 0, 0, 0, 0, 0, 40, 0, 0, 0, 0, 30, 0, 0, 0, 0, 0, 0, 0, 38, 0, 0, 0, 0, 0, 0, 0, 0, 8, 0, 0, 0, 0, 0, 26, 0, 0, 1, 0, 0, 12, 0, 0, 0, 0, 0, 0, 0, 0, 0, 0, 43, 0, 0, 0, 0, 0, 0, 0, 0, 0, 0, 0, 0, 0, 34, 0, 0, 0, 0, 0, 7, 26, 0, 0, 0, 0, 0, 0, 0, 0, 0, 0, 18, 0, 0, 0, 0, 0, 0, 0, 0, 0, 0, 31, 0, 0, 0, 0, 0, 0, 0, 0]
[0, 0, 0, 32, 0, 0, 0, 0, 0, 0, 6, 0, 0, 22, 0, 0, 0, 0, 0, 0, 0, 0, 0, 26, 0, 0, 0, 4, 0, 0, 0, 0, 0, 0, 47, 0, 0, 0, 0, 0, 7, 0, 0, 15, 0, 0, 0, 0, 0, 0, 12, 0, 0, 30, 0, 0, 0, 0, 40, 0, 0, 0, 0, 0, 0, 0, 28, 0, 0, 0, 0, 0, 0, 0, 0, 18, 0, 0, 0, 0, 0, 16, 0, 0, 10, 0, 0, 3, 0, 0, 0, 0, 0, 0, 0, 0, 0, 0, 52, 0, 0, 0, 0, 0, 0, 0, 0, 0, 0, 0, 0, 0, 25, 0, 0, 0, 0, 0, 16, 17, 0, 0, 0, 0, 0, 0, 0, 0, 0, 0, 27, 0, 0, 0, 0, 0, 0, 0, 0, 0, 0, 30, 0, 0, 0, 0, 0, 0, 0, 0]
[0, 0, 0, 32, 0, 0, 0, 0, 0, 0, 6, 0, 0, 22, 0, 0, 0, 0, 0, 0, 0, 0, 0, 26, 0, 0, 0, 4, 0, 0, 0, 0, 0, 0, 47, 0, 0, 0, 0, 0, 0, 0, 0, 0, 0, 0, 0, 0, 0, 0, 60, 0, 0, 0, 0, 0, 0, 0, 54, 0, 0, 0, 0, 0, 0, 0, 14, 0, 0, 0, 0, 0, 0, 0, 0, 32, 0, 0, 0, 0, 0, 2, 0, 0, 24, 0, 0, 0, 0, 0, 0, 0, 0, 0, 0, 0, 0, 0, 46, 0, 0, 0, 0, 0, 0, 0, 0, 0, 0, 0, 0, 0, 31, 0, 0, 0, 0, 0, 10, 23, 0, 0, 0, 0, 0, 0, 0, 0, 0, 0, 21, 0, 0, 0, 0, 0, 0, 0, 0, 0, 0, 30, 0, 0, 0, 0, 0, 0, 0, 0]
[0, 11, 0, 8, 0, 11, 0, 0, 0, 0, 6, 0, 0, 22, 0, 0, 0, 0, 6, 0, 0, 0, 0, 12, 0, 0, 0, 18, 0, 0, 10, 0, 0, 0, 11, 0, 0, 0, 0, 13, 15, 0, 0, 7, 0, 0, 2, 0, 0, 0, 15, 6, 0, 13, 20, 0, 0, 0, 15, 0, 0, 0, 20, 0, 0, 0, 11, 0, 0, 9, 0, 0, 0, 0, 0, 15, 0, 0, 0, 0, 0, 19, 0, 0, 7, 0, 0, 6, 0, 0, 6, 0, 0, 0, 1, 0, 0, 13, 4, 0, 0, 0, 10, 0, 0, 0, 7, 0, 0, 0, 10, 7, 0, 0, 7, 0, 0, 0, 24, 9, 4, 0, 0, 8, 0, 0, 0, 0, 0, 0, 7, 0, 0, 0, 3, 0, 0, 6, 0, 0, 5, 0, 14, 0, 0, 0, 0, 0, 5, 0]
[0, 11, 0, 8, 0, 11, 0, 0, 0, 0, 6, 0, 0, 22, 0, 0, 0, 0, 6, 0, 0, 0, 0, 12, 0, 0, 0, 18, 0, 0, 0, 0, 0, 0, 33, 0, 0, 0, 0, 0, 21, 0, 0, 0, 0, 0, 11, 0, 0, 0, 6, 0, 0, 36, 0, 0, 0, 0, 34, 0, 0, 0, 0, 0, 0, 0, 34, 0, 0, 0, 0, 0, 0, 0, 0, 12, 0, 0, 0, 0, 0, 22, 0, 0, 4, 0, 0, 9, 0, 0, 0, 0, 0, 0, 11, 0, 0, 0, 22, 0, 0, 0, 0, 0, 0, 0, 11, 0, 0, 0, 0, 0, 31, 0, 0, 0, 0, 0, 10, 23, 0, 0, 0, 0, 0, 0, 0, 0, 0, 0, 21, 0, 0, 0, 0, 0, 0, 0, 0, 0, 0, 30, 0, 0, 0, 0, 0, 0, 0, 0]
[0, 11, 0, 8, 0, 11, 0, 0, 0, 3, 0, 6, 0, 14, 0, 0, 0, 0, 14, 0, 0, 0, 0, 4, 4, 0, 0, 16, 0, 0, 12, 0, 0, 0, 0, 11, 0, 0, 0, 11, 17, 0, 0, 5, 0, 0, 3, 0, 0, 0, 14, 7, 0, 12, 21, 0, 0, 0, 14, 0, 4, 0, 11, 0, 0, 17, 0, 0, 0, 6, 0, 0, 0, 0, 2, 12, 0, 0, 0, 0, 18, 0, 0, 0, 12, 0, 0, 2, 0, 2, 5, 0, 0, 0, 2, 0, 0, 12, 5, 0, 0, 0, 9, 0, 0, 0, 8, 0, 0, 0, 9, 8, 0, 0, 6, 0, 0, 0, 25, 8, 5, 0, 0, 7, 0, 0, 0, 0, 0, 0, 8, 0, 0, 0, 2, 0, 0, 7, 0, 0, 4, 0, 15, 0, 0, 0, 0, 0, 4, 0]
[0, 11, 0, 8, 0, 11, 0, 0, 0, 3, 0, 6, 0, 14, 0, 0, 0, 0, 14, 0, 0, 0, 0, 4, 4, 0, 0, 16, 0, 0, 12, 0, 0, 0, 0, 11, 0, 0, 0, 11, 17, 0, 0, 5, 0, 0, 3, 0, 0, 0, 14, 7, 0, 12, 21, 0, 0, 0, 14, 0, 0, 0, 21, 0, 0, 0, 10, 0, 0, 10, 0, 0, 0, 0, 0, 14, 0, 0, 0, 0, 0, 20, 0, 0, 6, 0, 0, 7, 0, 0, 0, 0, 0, 0, 13, 0, 0, 2, 15, 0, 0, 0, 0, 0, 0, 0, 18, 0, 0, 0, 0, 0, 24, 0, 0, 0, 0, 0, 17, 16, 0, 0, 0, 11, 0, 0, 0, 0, 0, 0, 4, 0, 0, 0, 6, 0, 0, 3, 0, 0, 8, 0, 11, 0, 0, 0, 0, 0, 8, 0]
[0, 11, 0, 8, 0, 11, 0, 0, 0, 0, 6, 0, 0, 22, 0, 0, 0, 0, 6, 0, 0, 0, 0, 12, 0, 0, 0, 18, 0, 0, 0, 0, 0, 0, 33, 0, 0, 0, 0, 0, 21, 0, 0, 2, 0, 0, 0, 0, 0, 0, 25, 0, 0, 17, 16, 0, 0, 0, 19, 0, 0, 0, 16, 0, 0, 0, 15, 0, 0, 5, 0, 0, 0, 0, 0, 19, 0, 0, 0, 0, 0, 15, 0, 0, 11, 0, 0, 2, 0, 0, 0, 0, 0, 0, 18, 0, 0, 0, 15, 0, 0, 0, 0, 0, 0, 0, 18, 0, 0, 0, 0, 0, 24, 0, 0, 0, 0, 0, 17, 16, 0, 0, 0, 11, 0, 0, 0, 0, 0, 0, 4, 0, 0, 0, 6, 0, 0, 0, 0, 0, 0, 31, 0, 0, 0, 0, 0, 0, 0, 0]
[0, 11, 0, 8, 0, 11, 0, 0, 0, 0, 6, 0, 0, 22, 0, 0, 0, 0, 6, 0, 0, 0, 0, 12, 0, 0, 0, 18, 0, 0, 0, 0, 0, 0, 33, 0, 0, 0, 0, 0, 21, 0, 0, 0, 0, 0, 0, 0, 0, 0, 30, 0, 0, 12, 21, 0, 0, 0, 14, 0, 0, 0, 21, 0, 0, 0, 10, 0, 0, 10, 0, 0, 0, 0, 0, 14, 0, 0, 0, 0, 0, 20, 0, 0, 6, 0, 0, 7, 0, 0, 0, 0, 0, 0, 13, 0, 0, 0, 20, 0, 0, 0, 0, 0, 0, 0, 13, 0, 0, 0, 0, 0, 29, 0, 0, 0, 0, 0, 12, 21, 0, 0, 0, 0, 0, 0, 0, 0, 0, 0, 23, 0, 0, 0, 0, 0, 0, 0, 0, 0, 0, 26, 0, 0, 0, 0, 0, 0, 3, 0]
[0, 11, 0, 8, 0, 11, 0, 0, 0, 0, 6, 0, 0, 22, 0, 0, 0, 0, 6, 0, 0, 0, 0, 12, 0, 0, 0, 18, 0, 0, 10, 0, 0, 0, 11, 0, 0, 0, 0, 13, 15, 0, 0, 7, 0, 0, 2, 0, 0, 0, 15, 6, 0, 13, 20, 0, 0, 0, 15, 0, 0, 0, 20, 0, 0, 0, 11, 0, 0, 9, 0, 0, 0, 0, 0, 15, 0, 0, 0, 0, 0, 19, 0, 0, 7, 0, 0, 6, 0, 0, 0, 0, 0, 0, 14, 0, 0, 1, 16, 0, 0, 0, 0, 0, 0, 0, 17, 0, 0, 0, 0, 0, 25, 0, 0, 0, 0, 0, 16, 17, 0, 0, 0, 10, 0, 0, 0, 0, 0, 0, 5, 0, 0, 0, 5, 0, 0, 4, 0, 0, 7, 0, 12, 0, 0, 0, 0, 0, 7, 0]
[0, 0, 0, 32, 0, 0, 0, 0, 0, 0, 6, 0, 0, 22, 0, 0, 0, 0, 0, 0, 0, 0, 0, 26, 0, 0, 0, 4, 0, 0, 0, 0, 0, 0, 47, 0, 0, 0, 0, 0, 0, 0, 0, 0, 0, 0, 0, 0, 0, 0, 60, 0, 0, 0, 0, 0, 0, 0, 54, 0, 0, 0, 0, 0, 0, 0, 14, 0, 0, 0, 0, 0, 0, 0, 0, 32, 0, 0, 0, 0, 0, 2, 0, 0, 24, 0, 0, 0, 0, 0, 0, 0, 0, 0, 0, 0, 0, 0, 46, 0, 0, 0, 0, 0, 0, 0, 0, 0, 0, 0, 0, 0, 31, 0, 0, 0, 0, 0, 0, 45, 0, 0, 0, 0, 0, 0, 0, 0, 0, 0, 0, 0, 0, 0, 0, 0, 0, 0, 0, 0, 0, 50, 0, 0, 0, 0, 0, 0, 0, 0]
[0, 11, 0, 8, 0, 11, 0, 0, 0, 0, 6, 1, 0, 19, 0, 0, 0, 0, 9, 0, 0, 0, 0, 9, 1, 0, 0, 19, 0, 0, 9, 0, 0, 0, 12, 0, 0, 0, 0, 12, 16, 0, 0, 6, 0, 0, 2, 0, 0, 0, 15, 6, 0, 13, 20, 0, 0, 0, 15, 0, 0, 0, 20, 0, 0, 0, 11, 0, 0, 9, 0, 0, 0, 0, 0, 15, 0, 0, 0, 0, 0, 19, 0, 0, 7, 0, 0, 6, 0, 0, 0, 0, 0, 0, 14, 0, 0, 1, 16, 0, 0, 0, 0, 0, 0, 0, 17, 0, 0, 0, 0, 0, 25, 0, 0, 0, 0, 0, 16, 17, 0, 0, 0, 10, 0, 0, 0, 0, 0, 0, 5, 0, 0, 0, 5, 0, 0, 4, 0, 0, 7, 0, 12, 0, 0, 0, 0, 0, 7, 0]
[0, 0, 0, 32, 0, 0, 0, 0, 0, 0, 6, 0, 0, 22, 0, 0, 0, 0, 0, 0, 0, 0, 0, 26, 0, 0, 0, 4, 0, 0, 0, 0, 0, 0, 47, 0, 0, 0, 0, 0, 0, 0, 0, 31, 0, 0, 0, 0, 0, 0, 0, 0, 0, 40, 0, 0, 0, 0, 30, 0, 0, 0, 0, 0, 0, 0, 38, 0, 0, 0, 0, 0, 0, 0, 0, 8, 0, 0, 0, 0, 0, 26, 0, 0, 1, 0, 0, 12, 0, 0, 0, 0, 0, 0, 0, 0, 0, 0, 43, 0, 0, 0, 0, 0, 0, 0, 0, 0, 0, 0, 0, 0, 34, 0, 0, 0, 0, 0, 0, 42, 0, 0, 0, 0, 0, 0, 0, 0, 0, 0, 0, 0, 6, 0, 0, 0, 0, 0, 0, 0, 0, 39, 0, 0, 0, 0, 0, 0, 0, 0]
[0, 11, 0, 8, 0, 11, 0, 0, 0, 3, 0, 6, 0, 14, 0, 0, 0, 0, 14, 0, 0, 0, 0, 4, 4, 0, 0, 16, 0, 0, 12, 0, 0, 0, 0, 11, 0, 0, 0, 11, 17, 0, 0, 5, 0, 0, 3, 0, 0, 0, 14, 7, 0, 12, 21, 0, 0, 0, 14, 0, 4, 0, 11, 0, 0, 17, 0, 0, 0, 6, 0, 0, 0, 0, 2, 12, 0, 0, 0, 0, 18, 0, 0, 0, 12, 0, 0, 2, 0, 2, 5, 0, 0, 0, 2, 0, 0, 12, 5, 0, 1, 1, 4, 0, 0, 10, 0, 0, 0, 0, 10, 7, 0, 0, 7, 0, 0, 0, 24, 9, 4, 0, 0, 8, 0, 0, 0, 0, 0, 0, 7, 0, 0, 0, 3, 0, 0, 6, 0, 0, 5, 0, 14, 0, 0, 0, 0, 0, 5, 0]
[0, 0, 0, 32, 0, 0, 0, 0, 0, 0, 6, 0, 0, 22, 0, 0, 0, 0, 0, 0, 0, 0, 0, 26, 0, 0, 0, 4, 0, 0, 0, 0, 0, 0, 47, 0, 0, 0, 0, 0, 0, 0, 0, 31, 0, 0, 0, 0, 0, 0, 0, 0, 0, 40, 0, 0, 0, 0, 30, 0, 0, 0, 0, 0, 0, 0, 38, 0, 0, 0, 0, 0, 0, 0, 0, 8, 0, 0, 0, 0, 0, 26, 0, 0, 1, 0, 0, 12, 0, 0, 0, 0, 0, 0, 0, 0, 0, 0, 43, 0, 0, 0, 0, 0, 0, 0, 0, 0, 0, 0, 0, 0, 34, 0, 0, 0, 0, 0, 7, 26, 0, 0, 0, 0, 0, 0, 0, 0, 0, 0, 18, 0, 0, 0, 0, 0, 0, 0, 0, 0, 0, 31, 0, 0, 0, 0, 0, 0, 0, 0]
[0, 0, 0, 32, 0, 0, 0, 0, 0, 0, 6, 0, 0, 22, 0, 0, 0, 0, 0, 0, 0, 0, 0, 26, 0, 0, 0, 4, 0, 0, 0, 0, 0, 0, 47, 0, 0, 0, 0, 0, 7, 0, 0, 15, 0, 0, 0, 0, 0, 0, 12, 0, 0, 30, 0, 0, 0, 0, 40, 0, 0, 0, 0, 0, 0, 0, 28, 0, 0, 0, 0, 0, 0, 0, 0, 18, 0, 0, 0, 0, 0, 16, 0, 0, 10, 0, 0, 3, 0, 0, 0, 0, 0, 0, 0, 0, 0, 0, 52, 0, 0, 0, 0, 0, 0, 0, 0, 0, 0, 0, 0, 0, 25, 0, 0, 0, 0, 0, 16, 17, 0, 0, 0, 0, 0, 0, 0, 0, 0, 0, 27, 0, 0, 0, 0, 0, 0, 0, 0, 0, 0, 30, 0, 0, 0, 0, 0, 0, 0, 0]
[0, 11, 0, 8, 0, 11, 0, 0, 0, 0, 6, 0, 0, 22, 0, 0, 0, 0, 6, 0, 0, 0, 0, 12, 0, 0, 0, 18, 0, 0, 0, 0, 0, 0, 33, 0, 0, 0, 0, 0, 21, 0, 0, 0, 0, 0, 0, 0, 0, 0, 30, 0, 0, 12, 21, 0, 0, 0, 14, 0, 0, 0, 21, 0, 0, 0, 10, 0, 0, 0, 0, 0, 0, 0, 0, 36, 0, 0, 0, 0, 0, 0, 0, 0, 26, 0, 0, 0, 0, 0, 0, 0, 0, 0, 9, 0, 0, 0, 24, 0, 0, 0, 0, 0, 0, 0, 9, 0, 0, 0, 0, 0, 33, 0, 0, 0, 0, 0, 8, 25, 0, 0, 0, 0, 0, 0, 0, 0, 0, 0, 19, 0, 0, 0, 0, 0, 0, 0, 0, 0, 0, 30, 0, 0, 0, 0, 0, 0, 0, 0]
[0, 11, 0, 8, 0, 11, 0, 0, 0, 3, 0, 6, 0, 14, 0, 0, 0, 0, 14, 0, 0, 0, 0, 4, 4, 0, 0, 16, 0, 0, 12, 0, 0, 0, 0, 11, 0, 0, 0, 11, 17, 0, 0, 5, 0, 0, 3, 0, 0, 0, 14, 7, 0, 12, 21, 0, 0, 0, 14, 0, 4, 0, 11, 0, 0, 17, 0, 0, 0, 6, 0, 0, 0, 0, 2, 12, 0, 0, 0, 0, 18, 0, 0, 0, 12, 0, 0, 2, 0, 2, 5, 0, 0, 0, 2, 0, 0, 12, 5, 0, 1, 1, 4, 0, 0, 10, 0, 0, 0, 0, 10, 7, 0, 0, 7, 0, 0, 0, 24, 9, 4, 0, 0, 8, 0, 0, 0, 0, 0, 0, 7, 0, 0, 0, 3, 0, 0, 6, 0, 0, 5, 0, 14, 0, 0, 0, 0, 0, 5, 0]
[0, 0, 0, 32, 0, 0, 0, 0, 0, 0, 6, 0, 0, 22, 0, 0, 0, 0, 0, 0, 0, 0, 0, 26, 0, 0, 0, 4, 0, 0, 0, 0, 0, 0, 47, 0, 0, 0, 0, 0, 0, 0, 0, 0, 0, 0, 0, 0, 0, 0, 60, 0, 0, 0, 0, 0, 0, 0, 54, 0, 0, 0, 0, 0, 0, 0, 14, 0, 0, 0, 0, 0, 0, 0, 0, 32, 0, 0, 0, 0, 0, 2, 0, 0, 24, 0, 0, 0, 0, 0, 0, 0, 0, 0, 0, 0, 0, 0, 46, 0, 0, 0, 0, 0, 0, 0, 0, 0, 0, 0, 0, 0, 31, 0, 0, 0, 0, 0, 0, 45, 0, 0, 0, 0, 0, 0, 0, 0, 0, 0, 0, 0, 0, 0, 0, 0, 0, 0, 0, 0, 0, 50, 0, 0, 0, 0, 0, 0, 0, 0]
[0, 11, 0, 8, 0, 11, 0, 0, 0, 0, 6, 0, 0, 22, 0, 0, 0, 0, 6, 0, 0, 0, 0, 12, 0, 0, 0, 18, 0, 0, 10, 0, 0, 0, 11, 0, 0, 0, 0, 13, 15, 0, 0, 7, 0, 0, 0, 0, 0, 0, 20, 2, 0, 17, 16, 0, 0, 0, 19, 0, 0, 0, 16, 0, 0, 0, 15, 0, 0, 5, 0, 0, 0, 0, 0, 19, 0, 0, 0, 0, 0, 15, 0, 0, 11, 0, 0, 2, 0, 0, 0, 0, 0, 0, 18, 0, 0, 0, 15, 0, 0, 0, 0, 0, 0, 0, 18, 0, 0, 0, 0, 0, 24, 0, 0, 0, 0, 0, 17, 16, 0, 0, 0, 0, 0, 0, 0, 0, 0, 0, 28, 0, 0, 0, 0, 0, 0, 0, 0, 0, 6, 0, 13, 0, 0, 0, 0, 0, 6, 0]
[0, 11, 0, 8, 0, 11, 0, 0, 0, 0, 6, 0, 0, 22, 0, 0, 0, 0, 6, 0, 0, 0, 0, 12, 0, 0, 0, 18, 0, 0, 0, 0, 0, 0, 33, 0, 0, 0, 0, 0, 21, 0, 0, 0, 0, 0, 11, 0, 0, 0, 6, 0, 0, 36, 0, 0, 0, 0, 34, 0, 0, 0, 0, 0, 0, 0, 34, 0, 0, 0, 0, 0, 0, 0, 0, 12, 0, 0, 0, 0, 0, 22, 0, 0, 4, 0, 0, 9, 0, 0, 0, 0, 0, 0, 0, 0, 0, 0, 46, 0, 0, 0, 0, 0, 0, 0, 0, 0, 0, 0, 0, 0, 31, 0, 0, 0, 0, 0, 10, 23, 0, 0, 0, 0, 0, 0, 0, 0, 0, 0, 21, 0, 0, 0, 0, 0, 0, 0, 0, 0, 0, 30, 0, 0, 0, 0, 0, 0, 0, 0]
[0, 11, 0, 8, 0, 11, 0, 0, 0, 0, 6, 0, 0, 22, 0, 0, 0, 0, 6, 0, 0, 0, 0, 12, 0, 0, 0, 18, 0, 0, 0, 0, 0, 0, 33, 0, 0, 0, 0, 0, 21, 0, 0, 0, 0, 0, 11, 0, 0, 0, 6, 0, 0, 36, 0, 0, 0, 0, 34, 0, 0, 0, 0, 0, 0, 0, 34, 0, 0, 0, 0, 0, 0, 0, 0, 12, 0, 0, 0, 0, 0, 22, 0, 0, 4, 0, 0, 9, 0, 0, 0, 0, 0, 0, 0, 0, 0, 0, 46, 0, 0, 0, 0, 0, 0, 0, 0, 0, 0, 0, 0, 0, 31, 0, 0, 0, 0, 0, 10, 23, 0, 0, 0, 0, 0, 0, 0, 0, 0, 0, 21, 0, 0, 0, 0, 0, 0, 0, 0, 0, 0, 30, 0, 0, 0, 0, 0, 0, 0, 0]
[0, 11, 0, 8, 0, 11, 0, 0, 0, 0, 6, 0, 0, 22, 0, 0, 0, 0, 6, 0, 0, 0, 0, 12, 0, 0, 0, 18, 0, 0, 10, 0, 0, 0, 11, 0, 0, 0, 0, 13, 15, 0, 0, 7, 0, 0, 0, 0, 0, 0, 20, 2, 0, 17, 16, 0, 0, 0, 19, 0, 0, 0, 16, 0, 0, 0, 15, 0, 0, 5, 0, 0, 0, 0, 0, 19, 0, 0, 0, 0, 0, 15, 0, 0, 11, 0, 0, 2, 0, 0, 0, 0, 0, 0, 18, 0, 0, 0, 15, 0, 0, 0, 0, 0, 0, 0, 18, 0, 0, 0, 0, 0, 24, 0, 0, 0, 0, 0, 17, 16, 0, 0, 0, 11, 0, 0, 0, 0, 0, 0, 4, 0, 0, 0, 6, 0, 0, 3, 0, 0, 0, 23, 0, 0, 0, 0, 0, 0, 3, 0]
[0, 11, 0, 8, 0, 11, 0, 0, 0, 0, 6, 0, 0, 22, 0, 0, 0, 0, 6, 0, 0, 0, 0, 12, 0, 0, 0, 18, 0, 0, 0, 0, 0, 0, 33, 0, 0, 0, 0, 0, 21, 0, 0, 0, 0, 0, 0, 0, 0, 0, 30, 0, 0, 12, 21, 0, 0, 0, 14, 0, 0, 0, 21, 0, 0, 0, 10, 0, 0, 10, 0, 0, 0, 0, 0, 14, 0, 0, 0, 0, 0, 20, 0, 0, 6, 0, 0, 7, 0, 0, 0, 0, 0, 0, 13, 0, 0, 0, 20, 0, 0, 0, 0, 0, 0, 0, 13, 0, 0, 0, 0, 0, 29, 0, 0, 0, 0, 0, 12, 21, 0, 0, 0, 0, 0, 0, 0, 0, 0, 0, 23, 0, 0, 0, 0, 0, 0, 0, 0, 0, 0, 30, 0, 0, 0, 0, 0, 0, 0, 0]
[0, 0, 0, 32, 0, 0, 0, 0, 0, 0, 6, 0, 0, 22, 0, 0, 0, 0, 0, 0, 0, 0, 0, 26, 0, 0, 0, 4, 0, 0, 0, 0, 0, 0, 47, 0, 0, 0, 0, 0, 0, 0, 0, 0, 0, 0, 0, 0, 0, 0, 60, 0, 0, 0, 0, 0, 0, 0, 54, 0, 0, 0, 0, 0, 0, 0, 14, 0, 0, 0, 0, 0, 0, 0, 0, 32, 0, 0, 0, 0, 0, 2, 0, 0, 24, 0, 0, 0, 0, 0, 0, 0, 0, 0, 0, 0, 0, 0, 46, 0, 0, 0, 0, 0, 0, 0, 0, 0, 0, 0, 0, 0, 31, 0, 0, 0, 0, 0, 10, 23, 0, 0, 0, 0, 0, 0, 0, 0, 0, 0, 21, 0, 0, 0, 0, 0, 0, 0, 0, 0, 0, 30, 0, 0, 0, 0, 0, 0, 0, 0]
[0, 11, 0, 8, 0, 11, 0, 0, 0, 3, 0, 6, 0, 14, 0, 0, 0, 0, 14, 0, 0, 0, 0, 4, 4, 0, 0, 16, 0, 0, 12, 0, 0, 0, 0, 11, 0, 0, 0, 11, 17, 0, 0, 5, 0, 0, 3, 0, 0, 0, 14, 7, 0, 12, 21, 0, 0, 0, 14, 0, 4, 0, 11, 0, 0, 17, 0, 0, 0, 6, 0, 0, 0, 0, 0, 18, 0, 0, 0, 0, 0, 16, 0, 0, 10, 0, 0, 3, 0, 0, 9, 0, 0, 0, 0, 0, 0, 13, 4, 0, 0, 0, 10, 0, 0, 0, 7, 0, 0, 0, 10, 7, 0, 0, 7, 0, 0, 0, 24, 9, 4, 0, 0, 8, 0, 0, 0, 0, 0, 0, 7, 0, 0, 0, 3, 0, 0, 6, 0, 0, 5, 0, 14, 0, 0, 0, 0, 0, 5, 0]
[0, 0, 0, 32, 0, 0, 0, 0, 0, 0, 6, 0, 0, 22, 0, 0, 0, 0, 0, 0, 0, 0, 0, 26, 0, 0, 0, 4, 0, 0, 0, 0, 0, 0, 47, 0, 0, 0, 0, 0, 0, 0, 0, 31, 0, 0, 0, 0, 0, 0, 0, 0, 0, 40, 0, 0, 0, 0, 30, 0, 0, 0, 0, 0, 0, 0, 38, 0, 0, 0, 0, 0, 0, 0, 0, 8, 0, 0, 0, 0, 0, 26, 0, 0, 1, 0, 0, 12, 0, 0, 0, 0, 0, 0, 0, 0, 0, 0, 43, 0, 0, 0, 0, 0, 0, 0, 0, 0, 0, 0, 0, 0, 34, 0, 0, 0, 0, 0, 0, 42, 0, 0, 0, 0, 0, 0, 0, 0, 0, 0, 0, 0, 6, 0, 0, 0, 0, 0, 0, 0, 0, 39, 0, 0, 0, 0, 0, 0, 0, 0]
[0, 0, 0, 32, 0, 0, 0, 0, 0, 0, 6, 0, 0, 22, 0, 0, 0, 0, 6, 0, 0, 0, 0, 12, 0, 0, 0, 18, 0, 0, 0, 0, 0, 0, 33, 0, 0, 0, 0, 0, 0, 0, 0, 0, 0, 0, 0, 0, 0, 0, 74, 0, 0, 0, 0, 0, 0, 0, 40, 0, 0, 0, 0, 0, 0, 0, 28, 0, 0, 0, 0, 0, 0, 0, 0, 18, 0, 0, 0, 0, 0, 16, 0, 0, 10, 0, 0, 3, 0, 0, 0, 0, 0, 0, 0, 0, 0, 0, 52, 0, 0, 0, 0, 0, 0, 0, 0, 0, 0, 0, 0, 0, 25, 0, 0, 0, 0, 0, 0, 51, 0, 0, 0, 0, 0, 0, 0, 0, 0, 0, 0, 0, 0, 0, 0, 0, 0, 0, 0, 0, 0, 44, 0, 0, 0, 0, 0, 0, 0, 0]
[0, 11, 0, 8, 0, 11, 0, 0, 0, 0, 6, 1, 0, 19, 0, 0, 0, 0, 9, 0, 0, 0, 0, 9, 1, 0, 0, 19, 0, 0, 9, 0, 0, 0, 12, 0, 0, 0, 0, 12, 16, 0, 0, 6, 0, 0, 2, 0, 0, 0, 15, 6, 0, 13, 20, 0, 0, 0, 15, 0, 0, 0, 20, 0, 0, 0, 11, 0, 0, 9, 0, 0, 0, 0, 0, 15, 0, 0, 0, 0, 0, 19, 0, 0, 7, 0, 0, 6, 0, 0, 6, 0, 0, 0, 1, 0, 0, 13, 4, 0, 0, 0, 10, 0, 0, 0, 7, 0, 0, 0, 10, 7, 0, 0, 7, 0, 0, 0, 24, 9, 4, 0, 0, 8, 0, 0, 0, 0, 0, 0, 7, 0, 0, 0, 3, 0, 0, 6, 0, 0, 5, 0, 14, 0, 0, 0, 0, 0, 5, 0]
[0, 11, 0, 8, 0, 11, 0, 0, 0, 0, 6, 0, 0, 22, 0, 0, 0, 0, 6, 0, 0, 0, 0, 12, 0, 0, 0, 18, 0, 0, 10, 0, 0, 0, 11, 0, 0, 0, 0, 13, 15, 0, 0, 7, 0, 0, 0, 0, 0, 0, 20, 2, 0, 17, 16, 0, 0, 0, 19, 0, 0, 0, 16, 0, 0, 0, 15, 0, 0, 5, 0, 0, 0, 0, 0, 19, 0, 0, 0, 0, 0, 15, 0, 0, 11, 0, 0, 2, 0, 0, 0, 0, 0, 0, 18, 0, 0, 0, 15, 0, 0, 0, 0, 0, 0, 0, 18, 0, 0, 0, 0, 0, 24, 0, 0, 0, 0, 0, 17, 16, 0, 0, 0, 0, 0, 0, 0, 0, 0, 0, 28, 0, 0, 0, 0, 0, 0, 0, 0, 0, 0, 30, 0, 0, 0, 0, 0, 0, 0, 0]
[0, 0, 0, 32, 0, 0, 0, 0, 0, 0, 6, 0, 0, 22, 0, 0, 0, 0, 6, 0, 0, 0, 0, 12, 0, 0, 0, 18, 0, 0, 0, 0, 0, 0, 33, 0, 0, 0, 0, 0, 21, 0, 0, 0, 0, 0, 11, 0, 0, 0, 6, 0, 0, 36, 0, 0, 0, 0, 34, 0, 0, 0, 0, 0, 0, 0, 34, 0, 0, 0, 0, 0, 0, 0, 0, 12, 0, 0, 0, 0, 0, 22, 0, 0, 4, 0, 0, 9, 0, 0, 0, 0, 0, 0, 0, 0, 0, 0, 46, 0, 0, 0, 0, 0, 0, 0, 0, 0, 0, 0, 0, 0, 31, 0, 0, 0, 0, 0, 10, 23, 0, 0, 0, 0, 0, 0, 0, 0, 0, 0, 21, 0, 0, 0, 0, 0, 0, 0, 0, 0, 0, 30, 0, 0, 0, 0, 0, 0, 0, 0]
