[0, 0, 0, 0, 37, 0, 0, 0, 0, 0, 0, 0, 0, 0, 0, 0, 0, 0, 0, 0, 0, 0, 0, 0, 0, 0, 0, 0, 0, 0, 0, 0, 0, 0, 150, 0, 0, 0, 0, 0, 0, 0, 0, 0, 0, 0, 0, 0, 0, 0, 0, 0, 0, 0, 0, 0, 0, 22, 0, 0, 0, 0, 0, 0, 0, 0, 0, 0, 0, 0, 0, 0, 60, 0, 0, 0, 0, 0, 0, 0, 0, 0, 0, 0, 0, 0, 34, 0, 0, 0, 0, 0, 0, 0, 24, 0, 0, 0, 0, 0, 0, 0, 0, 0, 0, 0, 62, 0, 0, 0, 0, 0, 0, 0, 0, 0, 0, 0, 0, 0, 0, 0, 0, 0, 0, 0, 0, 0, 0, 0, 0, 0, 0, 0, 130, 0, 0, 0, 0, 0, 0, 0, 0, 0, 0, 0, 0, 0, 0, 0]
[0, 0, 0, 0, 37, 0, 0, 0, 0, 0, 0, 0, 0, 0, 0, 59, 0, 0, 0, 0, 0, 0, 0, 0, 0, 0, 0, 0, 0, 0, 0, 0, 0, 0, 30, 0, 0, 0, 0, 0, 0, 0, 0, 0, 54, 0, 0, 0, 0, 0, 0, 0, 0, 0, 0, 0, 0, 32, 0, 0, 0, 0, 0, 0, 0, 0, 0, 0, 0, 0, 0, 0, 50, 0, 0, 0, 0, 1, 0, 0, 0, 0, 0, 0, 0, 0, 42, 0, 0, 0, 0, 0, 0, 0, 16, 0, 0, 0, 0, 0, 0, 0, 0, 0, 0, 0, 70, 0, 0, 0, 0, 0, 0, 0, 0, 0, 0, 0, 0, 0, 0, 0, 0, 0, 0, 0, 0, 0, 0, 0, 0, 0, 0, 0, 122, 0, 0, 0, 0, 0, 0, 0, 0, 0, 0, 0, 0, 0, 0, 0]
[0, 0, 0, 0, 37, 0, 0, 0, 0, 0, 0, 0, 0, 0, 0, 59, 0, 0, 0, 0, 0, 0, 0, 0, 0, 0, 0, 0, 0, 0, 0, 0, 0, 0, 30, 0, 0, 0, 0, 0, 0, 0, 0, 0, 54, 0, 0, 0, 0, 0, 0, 0, 0, 0, 0, 0, 0, 32, 0, 0, 0, 0, 0, 0, 0, 0, 0, 0, 0, 0, 0, 0, 50, 0, 0, 0, 0, 1, 0, 0, 0, 0, 0, 0, 0, 0, 42, 0, 0, 0, 0, 0, 0, 0, 16, 0, 0, 0, 0, 0, 0, 0, 0, 0, 0, 0, 70, 0, 0, 0, 0, 0, 0, 0, 0, 0, 0, 0, 0, 0, 0, 0, 0, 0, 0, 0, 0, 0, 0, 0, 0, 0, 0, 0, 122, 0, 0, 0, 0, 0, 0, 0, 0, 0, 0, 0, 0, 0, 0, 0]
[0, 0, 0, 0, 37, 0, 0, 0, 0, 0, 0, 0, 0, 0, 0, 59, 0, 0, 0, 0, 0, 0, 0, 0, 0, 0, 0, 0, 0, 0, 0, 0, 0, 0, 30, 0, 0, 0, 0, 0, 0, 0, 0, 0, 54, 0, 0, 0, 0, 0, 0, 0, 0, 0, 0, 0, 0, 32, 0, 0, 0, 0, 0, 0, 0, 0, 0, 0, 0, 0, 0, 0, 50, 0, 0, 0, 0, 1, 0, 0, 0, 0, 0, 0, 0, 0, 42, 0, 0, 0, 0, 0, 0, 0, 16, 0, 0, 0, 0, 0, 0, 0, 0, 0, 0, 0, 70, 0, 0, 0, 0, 0, 0, 0, 0, 0, 0, 0, 0, 0, 0, 34, 0, 0, 0, 0, 0, 0, 0, 0, 0, 0, 0, 0, 78, 0, 0, 0, 0, 0, 0, 0, 0, 0, 0, 0, 0, 0, 0, 0]
[0, 0, 0, 0, 37, 0, 0, 0, 0, 0, 0, 0, 0, 0, 0, 59, 0, 0, 0, 0, 0, 0, 0, 0, 0, 0, 0, 0, 0, 0, 0, 0, 0, 0, 30, 0, 0, 0, 0, 0, 0, 0, 0, 0, 54, 0, 0, 0, 0, 0, 0, 0, 0, 0, 0, 0, 0, 32, 0, 0, 0, 0, 0, 0, 0, 0, 0, 0, 0, 0, 0, 0, 50, 0, 0, 0, 0, 1, 0, 0, 0, 0, 0, 0, 0, 0, 42, 0, 0, 0, 0, 0, 0, 0, 16, 0, 0, 0, 0, 0, 0, 0, 0, 0, 0, 0, 70, 0, 0, 0, 0, 0, 0, 0, 0, 0, 0, 0, 0, 0, 0, 34, 0, 0, 0, 0, 0, 0, 0, 0, 0, 0, 0, 0, 78, 0, 0, 0, 0, 0, 0, 0, 0, 0, 0, 0, 0, 0, 0, 0]
[0, 0, 0, 0, 37, 0, 0, 0, 0, 0, 0, 0, 0, 0, 0, 59, 0, 0, 0, 0, 0, 0, 0, 0, 0, 0, 0, 0, 0, 0, 0, 0, 0, 0, 30, 0, 0, 0, 0, 0, 0, 0, 0, 0, 54, 0, 0, 0, 0, 0, 0, 0, 0, 0, 0, 0, 0, 32, 0, 0, 0, 0, 0, 0, 0, 0, 0, 0, 0, 0, 0, 0, 50, 0, 0, 0, 0, 1, 0, 0, 0, 0, 0, 0, 0, 0, 42, 0, 0, 0, 0, 0, 0, 0, 16, 0, 0, 0, 0, 0, 0, 0, 0, 0, 0, 0, 70, 0, 0, 0, 0, 0, 0, 0, 0, 0, 0, 0, 0, 0, 0, 34, 0, 0, 0, 0, 0, 0, 0, 0, 0, 0, 0, 0, 78, 0, 0, 0, 0, 0, 0, 0, 0, 0, 0, 0, 0, 0, 0, 0]
[0, 0, 0, 0, 37, 0, 0, 0, 0, 0, 0, 0, 0, 0, 0, 59, 0, 0, 0, 0, 0, 0, 0, 0, 0, 0, 0, 0, 0, 0, 0, 0, 0, 0, 30, 0, 0, 0, 0, 0, 0, 0, 0, 0, 54, 0, 0, 0, 0, 0, 0, 0, 0, 0, 0, 0, 0, 32, 0, 0, 0, 0, 0, 0, 0, 0, 0, 0, 0, 0, 0, 0, 50, 0, 0, 0, 0, 1, 0, 0, 0, 0, 0, 0, 0, 0, 42, 0, 0, 0, 0, 0, 0, 0, 16, 0, 0, 0, 0, 0, 0, 0, 0, 0, 0, 0, 70, 0, 0, 0, 0, 0, 0, 0, 0, 0, 0, 0, 0, 0, 0, 34, 0, 0, 0, 0, 0, 0, 0, 0, 0, 0, 0, 0, 78, 0, 0, 0, 0, 0, 0, 0, 0, 0, 0, 0, 0, 0, 0, 0]
[0, 0, 0, 0, 37, 0, 0, 0, 0, 0, 0, 0, 0, 0, 0, 59, 0, 0, 0, 0, 0, 0, 0, 0, 0, 0, 0, 0, 0, 0, 0, 0, 0, 0, 30, 0, 0, 0, 0, 0, 0, 0, 0, 0, 54, 0, 0, 0, 0, 0, 0, 0, 0, 0, 0, 0, 0, 32, 0, 0, 0, 0, 0, 0, 0, 0, 0, 0, 0, 0, 0, 0, 50, 0, 0, 0, 0, 1, 0, 0, 0, 0, 0, 0, 0, 0, 42, 0, 0, 0, 0, 0, 0, 0, 16, 0, 0, 0, 0, 0, 0, 0, 0, 0, 0, 0, 70, 0, 0, 0, 0, 0, 0, 0, 0, 0, 0, 0, 0, 0, 0, 34, 0, 0, 0, 0, 0, 0, 0, 0, 0, 0, 0, 0, 52, 0, 0, 0, 0, 0, 0, 0, 0, 0, 17, 0, 0, 0, 0, 0]
[0, 0, 0, 0, 37, 0, 0, 0, 0, 0, 0, 0, 0, 0, 0, 59, 0, 0, 0, 0, 0, 0, 0, 0, 0, 0, 0, 0, 0, 0, 0, 0, 0, 0, 30, 0, 0, 0, 0, 0, 0, 0, 0, 0, 54, 0, 0, 0, 0, 0, 0, 0, 0, 0, 0, 0, 0, 32, 0, 0, 0, 0, 0, 0, 0, 0, 0, 0, 0, 0, 0, 0, 50, 0, 0, 0, 0, 1, 0, 0, 0, 0, 0, 0, 0, 0, 42, 0, 0, 0, 0, 0, 0, 0, 16, 0, 0, 0, 0, 0, 0, 0, 0, 0, 0, 0, 70, 0, 0, 0, 0, 0, 0, 0, 0, 0, 0, 0, 0, 0, 0, 34, 0, 0, 0, 0, 0, 0, 0, 0, 0, 0, 0, 0, 52, 0, 0, 0, 0, 0, 0, 0, 0, 0, 17, 0, 0, 0, 0, 0]
[0, 0, 0, 0, 37, 0, 0, 0, 0, 23, 0, 0, 0, 0, 0, 11, 0, 0, 0, 0, 0, 0, 0, 14, 0, 0, 0, 0, 0, 0, 0, 0, 0, 0, 48, 0, 0, 0, 0, 0, 0, 0, 0, 0, 36, 0, 0, 0, 0, 0, 0, 0, 0, 0, 0, 0, 0, 50, 0, 0, 0, 0, 0, 0, 0, 0, 0, 0, 0, 0, 0, 0, 32, 0, 0, 0, 0, 17, 0, 0, 0, 0, 0, 0, 0, 0, 26, 0, 0, 0, 0, 0, 0, 0, 32, 0, 0, 0, 0, 0, 0, 0, 0, 0, 0, 0, 54, 0, 0, 0, 0, 0, 0, 0, 0, 0, 0, 0, 0, 0, 0, 50, 0, 0, 0, 0, 0, 0, 0, 0, 0, 0, 0, 0, 36, 0, 0, 0, 0, 0, 0, 0, 0, 0, 23, 0, 0, 0, 0, 0]
[0, 0, 0, 0, 37, 0, 0, 0, 0, 23, 0, 0, 0, 0, 0, 11, 0, 0, 0, 0, 0, 0, 0, 14, 0, 0, 0, 0, 0, 0, 0, 0, 0, 0, 48, 0, 0, 0, 0, 0, 0, 0, 0, 0, 36, 0, 0, 0, 0, 0, 0, 0, 0, 0, 0, 0, 0, 50, 0, 0, 0, 0, 0, 0, 0, 0, 0, 0, 0, 0, 0, 0, 32, 0, 0, 0, 0, 17, 0, 0, 0, 0, 0, 0, 0, 0, 26, 0, 0, 0, 0, 0, 0, 0, 32, 0, 0, 0, 0, 0, 0, 0, 0, 0, 0, 0, 54, 0, 0, 0, 0, 0, 0, 0, 0, 0, 0, 0, 0, 0, 0, 50, 0, 0, 0, 0, 0, 0, 0, 0, 0, 0, 0, 0, 36, 0, 0, 0, 0, 0, 0, 0, 0, 0, 23, 0, 0, 0, 0, 0]
[0, 0, 0, 0, 37, 0, 0, 0, 0, 23, 0, 0, 0, 0, 0, 11, 0, 0, 0, 0, 0, 0, 0, 14, 0, 0, 0, 0, 0, 0, 0, 0, 0, 0, 48, 0, 0, 0, 0, 0, 0, 0, 0, 0, 36, 0, 0, 0, 0, 0, 0, 0, 0, 0, 0, 0, 0, 50, 0, 0, 0, 0, 0, 0, 0, 0, 0, 0, 0, 0, 0, 0, 32, 0, 0, 0, 0, 17, 0, 0, 0, 0, 0, 0, 0, 0, 26, 0, 0, 0, 0, 0, 0, 0, 32, 0, 0, 0, 0, 0, 0, 0, 0, 0, 0, 0, 54, 0, 0, 0, 0, 0, 0, 0, 0, 0, 0, 0, 0, 0, 0, 50, 0, 0, 0, 0, 0, 0, 0, 0, 0, 0, 0, 0, 36, 0, 0, 0, 0, 0, 0, 0, 0, 0, 23, 0, 0, 0, 0, 0]
[0, 0, 0, 0, 37, 0, 0, 0, 0, 23, 0, 0, 0, 0, 0, 11, 0, 0, 0, 0, 0, 0, 0, 14, 0, 0, 0, 0, 0, 0, 0, 0, 0, 0, 48, 0, 0, 0, 0, 0, 0, 0, 0, 0, 36, 0, 0, 0, 0, 0, 0, 0, 0, 0, 0, 0, 0, 50, 0, 0, 0, 0, 0, 0, 0, 0, 0, 0, 0, 0, 0, 0, 32, 0, 0, 0, 0, 17, 0, 0, 0, 0, 0, 0, 0, 0, 26, 0, 0, 0, 0, 0, 0, 0, 32, 0, 0, 0, 0, 0, 0, 0, 0, 0, 0, 0, 54, 0, 0, 0, 0, 0, 0, 0, 0, 0, 0, 0, 0, 0, 0, 50, 0, 0, 0, 0, 0, 0, 0, 0, 0, 0, 0, 0, 36, 0, 0, 0, 0, 0, 0, 0, 0, 0, 23, 0, 0, 0, 0, 0]
[0, 0, 0, 0, 37, 0, 0, 0, 0, 23, 0, 0, 0, 0, 0, 11, 0, 0, 0, 0, 0, 0, 0, 14, 0, 0, 0, 0, 0, 0, 0, 0, 0, 0, 48, 0, 0, 0, 0, 0, 0, 0, 0, 0, 36, 0, 0, 0, 0, 0, 0, 0, 0, 0, 0, 0, 0, 50, 0, 0, 0, 0, 0, 0, 0, 0, 0, 0, 0, 0, 0, 0, 32, 0, 0, 0, 0, 17, 0, 0, 0, 0, 0, 0, 0, 0, 26, 0, 0, 0, 0, 0, 0, 0, 32, 0, 0, 0, 0, 0, 0, 0, 0, 0, 0, 0, 54, 0, 0, 0, 0, 0, 0, 0, 0, 0, 0, 0, 0, 0, 0, 50, 0, 0, 0, 0, 0, 0, 0, 0, 0, 0, 0, 0, 36, 0, 0, 0, 0, 0, 0, 0, 0, 0, 23, 0, 0, 0, 0, 0]
[0, 0, 0, 0, 37, 0, 0, 0, 0, 23, 0, 0, 0, 0, 0, 11, 0, 0, 0, 0, 0, 0, 0, 14, 0, 0, 0, 0, 0, 0, 0, 0, 0, 0, 48, 0, 0, 0, 0, 0, 0, 0, 0, 0, 36, 0, 0, 0, 0, 0, 0, 0, 0, 0, 0, 0, 0, 50, 0, 0, 0, 0, 0, 0, 0, 0, 0, 0, 0, 0, 0, 0, 32, 0, 0, 0, 0, 17, 0, 0, 0, 0, 0, 0, 0, 0, 26, 0, 0, 0, 0, 0, 0, 0, 32, 0, 0, 0, 0, 0, 0, 0, 0, 0, 0, 0, 54, 0, 0, 0, 0, 0, 0, 0, 0, 0, 0, 0, 0, 0, 0, 50, 0, 0, 0, 0, 0, 0, 0, 0, 0, 0, 0, 0, 36, 0, 0, 0, 0, 0, 0, 0, 0, 0, 23, 0, 0, 0, 0, 0]
[0, 0, 0, 0, 37, 0, 0, 0, 0, 23, 0, 0, 0, 0, 0, 11, 0, 0, 0, 0, 0, 0, 0, 14, 0, 0, 0, 0, 0, 0, 0, 0, 0, 0, 48, 0, 0, 0, 0, 0, 0, 0, 0, 0, 36, 0, 0, 0, 0, 0, 0, 0, 0, 0, 0, 0, 0, 50, 0, 0, 0, 0, 0, 0, 0, 0, 0, 0, 0, 0, 0, 0, 32, 0, 0, 0, 0, 17, 0, 0, 0, 0, 0, 0, 0, 0, 26, 0, 0, 0, 0, 0, 0, 0, 32, 0, 0, 0, 0, 0, 0, 0, 0, 0, 0, 0, 54, 0, 0, 0, 0, 0, 0, 0, 0, 0, 0, 0, 0, 0, 0, 50, 0, 0, 0, 0, 0, 0, 0, 0, 0, 0, 0, 0, 36, 0, 0, 0, 0, 0, 0, 0, 0, 0, 23, 0, 0, 0, 0, 0]
[0, 0, 0, 0, 37, 0, 0, 0, 0, 23, 0, 0, 0, 0, 0, 11, 0, 0, 0, 0, 0, 0, 0, 14, 0, 0, 0, 0, 0, 0, 0, 0, 0, 0, 48, 0, 0, 0, 0, 0, 0, 0, 0, 0, 36, 0, 0, 0, 0, 0, 0, 0, 0, 0, 0, 0, 0, 50, 0, 0, 0, 0, 0, 0, 0, 0, 0, 0, 0, 0, 0, 0, 32, 0, 0, 0, 0, 17, 0, 0, 0, 0, 0, 0, 0, 0, 26, 0, 0, 0, 0, 0, 0, 0, 32, 0, 0, 0, 0, 0, 0, 0, 0, 0, 0, 0, 54, 0, 0, 0, 0, 0, 0, 0, 0, 0, 0, 0, 0, 0, 0, 50, 0, 0, 0, 0, 0, 0, 0, 0, 0, 0, 0, 0, 36, 0, 0, 0, 0, 0, 0, 0, 0, 0, 23, 0, 0, 0, 0, 0]
[0, 0, 0, 0, 37, 0, 0, 0, 0, 23, 0, 0, 0, 0, 0, 0, 0, 0, 0, 0, 0, 0, 0, 38, 0, 0, 0, 0, 0, 0, 0, 0, 0, 0, 24, 0, 0, 0, 0, 29, 0, 0, 0, 0, 1, 0, 0, 18, 0, 0, 0, 0, 0, 0, 0, 0, 0, 47, 0, 0, 0, 0, 0, 0, 0, 0, 0, 0, 0, 0, 0, 0, 35, 0, 0, 0, 0, 14, 0, 0, 0, 0, 0, 0, 0, 0, 29, 0, 0, 0, 0, 0, 0, 0, 29, 0, 0, 0, 0, 0, 0, 0, 0, 0, 0, 0, 57, 0, 0, 0, 0, 0, 0, 0, 0, 0, 0, 0, 0, 0, 0, 47, 0, 0, 0, 0, 0, 0, 0, 0, 0, 0, 0, 0, 39, 0, 0, 0, 0, 0, 0, 0, 0, 0, 20, 0, 0, 0, 0, 0]
[0, 0, 0, 0, 37, 0, 0, 0, 0, 23, 0, 0, 0, 0, 0, 11, 0, 0, 0, 0, 0, 0, 0, 0, 0, 20, 0, 0, 0, 0, 0, 0, 0, 0, 36, 0, 0, 0, 0, 17, 0, 0, 0, 0, 12, 0, 0, 0, 0, 0, 0, 39, 0, 0, 0, 0, 0, 0, 0, 0, 0, 0, 19, 0, 0, 0, 0, 0, 0, 0, 0, 0, 38, 0, 0, 0, 0, 11, 0, 0, 0, 0, 0, 0, 0, 0, 32, 0, 0, 0, 0, 0, 0, 0, 26, 0, 0, 0, 6, 0, 0, 0, 0, 0, 0, 0, 46, 0, 0, 0, 0, 0, 0, 0, 0, 0, 0, 13, 0, 0, 0, 30, 0, 0, 0, 0, 0, 0, 22, 0, 0, 0, 0, 0, 10, 0, 0, 0, 0, 0, 0, 26, 0, 0, 0, 11, 0, 0, 0, 0]
[0, 0, 0, 0, 37, 0, 0, 0, 0, 23, 0, 0, 0, 0, 0, 11, 0, 0, 0, 0, 0, 0, 0, 0, 0, 20, 0, 0, 0, 0, 0, 0, 0, 0, 36, 0, 0, 0, 0, 17, 0, 0, 0, 0, 12, 0, 0, 7, 0, 0, 0, 23, 0, 0, 0, 0, 0, 0, 0, 0, 0, 0, 35, 0, 0, 0, 0, 0, 0, 0, 0, 0, 22, 0, 0, 0, 0, 27, 0, 0, 0, 0, 0, 0, 0, 0, 16, 0, 0, 0, 0, 0, 0, 27, 0, 0, 0, 0, 20, 0, 0, 0, 0, 0, 0, 0, 32, 0, 0, 0, 0, 0, 0, 6, 0, 0, 0, 13, 0, 0, 0, 30, 0, 0, 0, 0, 0, 0, 22, 0, 0, 0, 0, 0, 10, 0, 0, 0, 0, 0, 0, 26, 0, 0, 0, 11, 0, 0, 0, 0]
[0, 0, 0, 0, 37, 0, 0, 0, 0, 23, 0, 0, 0, 0, 0, 11, 0, 0, 0, 0, 0, 0, 0, 0, 0, 20, 0, 0, 0, 0, 0, 0, 0, 0, 36, 0, 0, 0, 0, 17, 0, 0, 0, 0, 12, 0, 0, 7, 0, 0, 0, 23, 0, 0, 0, 0, 0, 0, 0, 0, 0, 0, 35, 0, 0, 0, 0, 0, 0, 0, 0, 0, 22, 0, 0, 0, 0, 27, 0, 0, 0, 0, 0, 0, 0, 0, 16, 0, 0, 0, 0, 0, 0, 27, 0, 0, 0, 0, 20, 0, 0, 0, 0, 0, 0, 0, 32, 0, 0, 0, 0, 0, 0, 6, 0, 0, 0, 13, 0, 0, 0, 30, 0, 0, 0, 0, 0, 0, 22, 0, 0, 0, 0, 0, 10, 0, 0, 0, 0, 0, 0, 26, 0, 0, 0, 11, 0, 0, 0, 0]
[0, 0, 0, 0, 37, 0, 0, 0, 0, 23, 0, 0, 0, 0, 0, 11, 0, 0, 0, 0, 0, 0, 0, 0, 0, 20, 0, 0, 0, 0, 0, 0, 0, 0, 36, 0, 0, 0, 0, 17, 0, 0, 0, 0, 12, 0, 0, 7, 0, 0, 0, 23, 0, 0, 0, 0, 0, 0, 0, 0, 0, 0, 35, 0, 0, 0, 0, 0, 0, 0, 0, 0, 22, 0, 0, 0, 0, 27, 0, 0, 0, 0, 0, 0, 0, 0, 16, 0, 0, 0, 0, 0, 0, 27, 0, 0, 0, 0, 20, 0, 0, 0, 0, 0, 0, 0, 32, 0, 0, 0, 0, 0, 0, 6, 0, 0, 0, 13, 0, 0, 0, 30, 0, 0, 0, 0, 0, 0, 22, 0, 0, 0, 0, 0, 10, 0, 0, 0, 0, 0, 0, 26, 0, 0, 0, 11, 0, 0, 0, 0]
[0, 0, 0, 0, 37, 0, 0, 0, 0, 23, 0, 0, 0, 0, 0, 11, 0, 0, 0, 0, 0, 0, 0, 0, 0, 20, 0, 0, 0, 0, 0, 0, 0, 0, 36, 0, 0, 0, 0, 17, 0, 0, 0, 0, 12, 0, 0, 7, 0, 0, 0, 23, 0, 0, 0, 0, 0, 0, 0, 0, 0, 0, 35, 0, 0, 0, 0, 0, 0, 0, 0, 0, 22, 0, 0, 0, 0, 27, 0, 0, 0, 0, 0, 0, 0, 0, 16, 0, 0, 0, 0, 0, 0, 27, 0, 0, 0, 0, 20, 0, 0, 0, 0, 0, 0, 0, 32, 0, 0, 0, 0, 0, 0, 6, 0, 0, 0, 13, 0, 0, 0, 30, 0, 0, 0, 0, 0, 0, 22, 0, 0, 0, 0, 0, 10, 0, 0, 0, 4, 0, 0, 16, 0, 0, 0, 11, 0, 0, 0, 0]
[0, 0, 10, 0, 15, 0, 16, 0, 0, 0, 14, 0, 0, 12, 0, 0, 0, 0, 0, 0, 0, 15, 0, 0, 0, 0, 0, 4, 0, 0, 13, 0, 0, 0, 12, 15, 0, 0, 0, 0, 10, 0, 0, 11, 0, 0, 4, 0, 8, 0, 9, 0, 0, 11, 0, 0, 0, 0, 0, 12, 0, 0, 9, 0, 0, 6, 0, 0, 0, 9, 0, 7, 0, 17, 0, 3, 0, 0, 0, 14, 0, 0, 0, 0, 17, 0, 0, 0, 0, 0, 0, 0, 16, 0, 0, 18, 0, 0, 0, 17, 0, 7, 0, 2, 0, 0, 0, 0, 9, 7, 0, 0, 0, 7, 0, 0, 0, 0, 16, 0, 0, 23, 0, 0, 0, 0, 11, 0, 0, 0, 0, 0, 0, 24, 0, 0, 0, 0, 5, 0, 0, 0, 0, 19, 0, 11, 0, 0, 0, 0]
[0, 0, 10, 0, 15, 0, 16, 0, 0, 0, 14, 0, 0, 12, 0, 0, 0, 0, 0, 0, 0, 15, 0, 0, 0, 0, 0, 4, 0, 0, 13, 0, 0, 0, 12, 15, 0, 0, 0, 0, 10, 0, 0, 11, 0, 0, 4, 0, 8, 0, 9, 0, 0, 11, 0, 0, 0, 0, 0, 12, 0, 0, 9, 0, 0, 6, 0, 0, 0, 9, 0, 7, 0, 17, 0, 3, 0, 0, 0, 14, 0, 0, 0, 0, 17, 0, 0, 0, 0, 0, 0, 0, 16, 0, 0, 18, 0, 0, 0, 17, 0, 7, 0, 2, 0, 0, 0, 0, 9, 7, 0, 0, 0, 7, 0, 0, 0, 0, 16, 0, 0, 23, 0, 0, 0, 0, 11, 0, 0, 0, 0, 0, 0, 24, 0, 0, 0, 0, 5, 0, 0, 0, 0, 19, 0, 11, 0, 0, 0, 0]
[0, 0, 10, 0, 15, 0, 16, 0, 0, 0, 14, 0, 0, 12, 0, 0, 0, 0, 0, 0, 0, 15, 0, 0, 0, 0, 0, 4, 0, 0, 13, 0, 0, 0, 12, 15, 0, 0, 0, 0, 10, 0, 0, 11, 0, 0, 4, 0, 8, 0, 9, 0, 0, 11, 0, 0, 0, 0, 0, 12, 0, 0, 9, 0, 0, 6, 0, 0, 0, 9, 0, 7, 0, 17, 0, 3, 0, 0, 0, 14, 0, 0, 0, 0, 17, 0, 0, 0, 0, 0, 0, 0, 16, 0, 0, 18, 0, 0, 0, 17, 0, 7, 0, 2, 0, 0, 0, 0, 9, 7, 0, 0, 0, 7, 0, 0, 0, 0, 16, 0, 0, 23, 0, 0, 0, 0, 11, 0, 0, 0, 7, 0, 0, 8, 5, 0, 0, 0, 9, 0, 0, 0, 0, 15, 0, 11, 0, 0, 0, 0]
[0, 0, 10, 0, 15, 0, 16, 0, 0, 0, 14, 0, 0, 12, 0, 0, 0, 0, 0, 0, 0, 15, 0, 0, 0, 0, 0, 4, 0, 0, 13, 0, 0, 0, 12, 15, 0, 0, 0, 0, 10, 0, 0, 11, 0, 0, 4, 0, 8, 0, 9, 0, 0, 11, 0, 0, 0, 0, 0, 12, 0, 0, 9, 0, 0, 6, 0, 0, 0, 9, 0, 7, 0, 17, 0, 3, 0, 0, 0, 14, 0, 0, 0, 0, 17, 0, 0, 0, 0, 0, 0, 0, 16, 0, 0, 18, 0, 0, 0, 17, 0, 7, 0, 2, 0, 0, 0, 0, 9, 7, 0, 0, 0, 7, 0, 0, 0, 0, 16, 0, 0, 23, 0, 0, 0, 0, 11, 0, 0, 0, 7, 0, 0, 8, 5, 0, 0, 0, 9, 0, 0, 0, 0, 15, 0, 11, 0, 0, 0, 0]
[0, 0, 10, 0, 15, 0, 16, 0, 0, 0, 14, 0, 0, 12, 0, 0, 0, 0, 0, 0, 6, 2, 0, 0, 0, 5, 0, 5, 0, 0, 12, 0, 0, 0, 13, 14, 0, 0, 0, 0, 11, 0, 0, 10, 0, 0, 5, 0, 7, 0, 10, 0, 0, 10, 0, 0, 0, 0, 0, 13, 0, 0, 8, 0, 0, 7, 0, 0, 0, 8, 0, 8, 0, 16, 0, 4, 0, 0, 0, 13, 0, 0, 0, 0, 18, 0, 0, 0, 0, 0, 0, 0, 15, 0, 0, 19, 0, 0, 0, 16, 0, 8, 0, 1, 0, 0, 0, 0, 10, 6, 0, 0, 0, 8, 0, 0, 0, 0, 15, 0, 0, 24, 0, 0, 0, 0, 10, 0, 0, 0, 8, 0, 0, 7, 6, 0, 0, 0, 8, 0, 0, 0, 0, 16, 0, 11, 0, 0, 0, 0]
[0, 0, 10, 0, 15, 0, 16, 0, 0, 0, 14, 0, 0, 12, 0, 0, 0, 0, 0, 0, 6, 2, 0, 0, 0, 5, 0, 5, 0, 0, 12, 0, 0, 0, 13, 14, 0, 0, 0, 0, 11, 0, 0, 10, 0, 0, 5, 0, 7, 0, 10, 0, 0, 10, 0, 0, 0, 0, 0, 13, 0, 0, 8, 0, 0, 7, 0, 0, 0, 8, 0, 8, 0, 16, 0, 4, 0, 0, 0, 13, 0, 0, 0, 0, 18, 0, 0, 0, 0, 5, 0, 0, 3, 8, 0, 13, 0, 5, 0, 10, 0, 14, 0, 0, 0, 0, 0, 0, 7, 9, 0, 0, 0, 5, 0, 0, 0, 0, 18, 0, 0, 21, 0, 0, 0, 0, 13, 0, 0, 0, 5, 1, 0, 8, 5, 0, 0, 0, 9, 0, 0, 0, 0, 15, 0, 11, 0, 0, 0, 0]
[0, 0, 10, 0, 15, 0, 16, 0, 0, 0, 14, 0, 0, 12, 0, 0, 0, 0, 0, 0, 6, 2, 0, 0, 0, 5, 0, 5, 0, 0, 12, 0, 0, 0, 13, 14, 0, 0, 0, 0, 11, 0, 0, 10, 0, 0, 5, 0, 7, 0, 10, 0, 0, 10, 0, 0, 0, 0, 0, 13, 0, 0, 8, 0, 0, 7, 0, 0, 0, 8, 0, 8, 0, 16, 0, 4, 0, 0, 0, 13, 0, 8, 0, 0, 1, 0, 0, 0, 3, 14, 0, 0, 0, 7, 0, 14, 0, 4, 0, 11, 0, 13, 0, 0, 0, 0, 0, 0, 8, 8, 0, 0, 0, 6, 0, 0, 0, 0, 17, 0, 0, 22, 0, 0, 0, 0, 12, 0, 0, 0, 6, 0, 0, 9, 4, 0, 0, 0, 10, 0, 0, 0, 0, 14, 0, 11, 0, 0, 0, 0]
[0, 0, 10, 0, 15, 0, 16, 0, 3, 0, 6, 0, 3, 12, 0, 0, 0, 0, 0, 0, 6, 2, 0, 0, 0, 5, 0, 5, 0, 0, 12, 0, 0, 0, 13, 14, 0, 0, 0, 0, 11, 0, 0, 10, 0, 0, 5, 0, 7, 0, 10, 0, 0, 10, 0, 0, 0, 0, 0, 13, 0, 0, 8, 0, 0, 7, 0, 0, 0, 8, 0, 8, 0, 16, 0, 4, 0, 0, 0, 13, 0, 8, 0, 0, 1, 0, 0, 0, 3, 14, 0, 0, 0, 7, 0, 14, 0, 4, 0, 11, 0, 13, 0, 0, 0, 0, 0, 0, 8, 8, 0, 0, 0, 6, 0, 0, 0, 0, 17, 0, 0, 22, 0, 0, 0, 0, 12, 0, 0, 0, 6, 0, 0, 9, 4, 0, 0, 0, 10, 0, 0, 0, 0, 14, 0, 11, 0, 0, 0, 0]
[0, 0, 10, 0, 15, 0, 16, 0, 3, 0, 6, 0, 3, 12, 0, 0, 0, 0, 0, 0, 6, 2, 0, 1, 0, 3, 0, 7, 0, 0, 10, 0, 0, 0, 15, 12, 0, 0, 0, 0, 13, 0, 0, 8, 0, 0, 7, 0, 5, 0, 12, 0, 0, 8, 0, 0, 0, 0, 0, 15, 0, 0, 6, 0, 0, 9, 0, 0, 0, 6, 0, 10, 0, 14, 0, 6, 0, 0, 0, 11, 0, 10, 0, 0, 0, 0, 0, 0, 4, 13, 0, 0, 0, 8, 0, 13, 0, 5, 0, 10, 0, 14, 0, 0, 0, 0, 0, 0, 7, 9, 0, 0, 0, 5, 0, 0, 0, 0, 18, 0, 0, 21, 0, 0, 0, 0, 13, 0, 0, 0, 5, 1, 0, 8, 5, 0, 0, 0, 9, 3, 0, 0, 0, 7, 10, 0, 0, 0, 0, 3]
