[0, 0, 0, 0, 52, 0, 0, 0, 0, 0, 0, 0, 0, 0, 0, 0, 0, 0, 0, 80, 0, 0, 0, 0, 0, 0, 0, 0, 0, 0, 24, 0, 0, 0, 0, 0, 0, 0, 0, 0, 0, 0, 109, 0, 0, 0, 0, 0, 0, 0, 0, 0, 0, 0, 0, 0, 0, 0, 0, 0, 0, 60, 0, 0, 0, 0, 0, 0, 0, 0, 0, 0, 43, 0, 0, 0, 0, 0, 0, 0, 0, 0, 0, 0, 0, 0, 114, 0, 0, 0, 0, 0, 0, 0, 0, 0, 0, 0, 0, 20]
[0, 0, 0, 0, 52, 0, 0, 0, 0, 0, 0, 0, 0, 0, 0, 0, 0, 0, 0, 80, 0, 0, 0, 0, 0, 0, 0, 0, 0, 0, 24, 0, 0, 0, 0, 0, 0, 0, 0, 0, 0, 0, 109, 0, 0, 0, 0, 0, 0, 0, 0, 0, 0, 0, 0, 0, 0, 0, 0, 0, 0, 60, 0, 0, 0, 0, 0, 0, 0, 0, 0, 0, 43, 0, 0, 0, 0, 0, 0, 0, 0, 0, 0, 0, 0, 0, 114, 0, 0, 0, 0, 0, 0, 0, 0, 0, 0, 0, 0, 20]
[0, 0, 0, 0, 52, 0, 0, 0, 0, 0, 0, 0, 0, 0, 0, 0, 0, 0, 0, 80, 0, 0, 0, 0, 0, 0, 0, 0, 0, 0, 24, 0, 0, 0, 0, 0, 0, 0, 0, 0, 0, 0, 109, 0, 0, 0, 0, 0, 0, 0, 0, 0, 0, 0, 0, 0, 0, 0, 0, 0, 0, 60, 0, 0, 0, 0, 0, 0, 0, 0, 0, 0, 43, 0, 0, 0, 0, 0, 0, 0, 0, 0, 0, 0, 0, 0, 114, 0, 0, 0, 0, 0, 0, 0, 0, 0, 0, 0, 0, 20]
[0, 0, 0, 0, 52, 0, 0, 0, 0, 0, 0, 0, 0, 0, 0, 0, 0, 0, 0, 80, 0, 0, 0, 0, 0, 0, 0, 0, 0, 0, 24, 0, 0, 0, 0, 0, 24, 0, 0, 0, 0, 0, 59, 0, 0, 0, 0, 0, 0, 0, 0, 0, 23, 0, 0, 0, 0, 0, 0, 0, 0, 62, 0, 0, 0, 0, 0, 0, 0, 0, 0, 0, 41, 0, 0, 0, 0, 0, 0, 0, 0, 35, 0, 0, 0, 0, 44, 0, 0, 0, 0, 0, 0, 0, 0, 33, 0, 0, 0, 22]
[0, 0, 0, 0, 52, 0, 0, 0, 0, 0, 0, 0, 0, 0, 0, 0, 0, 0, 0, 80, 0, 0, 0, 0, 0, 0, 0, 0, 0, 0, 24, 0, 0, 0, 0, 0, 24, 0, 0, 0, 0, 0, 59, 0, 0, 0, 0, 0, 0, 0, 0, 0, 23, 0, 0, 0, 0, 0, 0, 0, 0, 62, 0, 0, 0, 0, 0, 0, 0, 0, 0, 0, 41, 0, 0, 0, 0, 0, 0, 0, 0, 35, 0, 0, 0, 0, 44, 0, 0, 0, 0, 0, 0, 0, 0, 33, 0, 0, 0, 22]
[0, 0, 0, 0, 52, 0, 0, 0, 0, 0, 0, 0, 0, 0, 0, 0, 0, 0, 0, 80, 0, 0, 0, 0, 0, 0, 0, 0, 0, 0, 24, 0, 0, 0, 0, 0, 24, 0, 0, 0, 0, 0, 59, 0, 0, 0, 0, 0, 0, 0, 0, 0, 23, 0, 0, 0, 0, 0, 0, 0, 0, 62, 0, 0, 0, 0, 0, 0, 0, 0, 0, 0, 41, 0, 0, 0, 0, 0, 0, 0, 0, 35, 0, 0, 0, 0, 44, 0, 0, 0, 0, 0, 0, 0, 0, 33, 0, 0, 0, 22]
[0, 0, 0, 0, 52, 0, 0, 0, 0, 0, 0, 0, 0, 0, 0, 0, 0, 0, 0, 80, 0, 0, 0, 0, 0, 0, 0, 0, 0, 0, 24, 0, 0, 0, 0, 0, 24, 0, 0, 0, 0, 0, 59, 0, 0, 0, 0, 0, 0, 0, 0, 0, 23, 0, 0, 0, 0, 0, 0, 0, 0, 62, 0, 0, 0, 0, 0, 0, 0, 0, 0, 0, 41, 0, 0, 0, 0, 0, 0, 0, 0, 35, 0, 0, 0, 0, 44, 0, 0, 0, 0, 0, 0, 0, 0, 33, 0, 0, 0, 22]
[0, 0, 0, 0, 52, 0, 0, 0, 0, 0, 0, 0, 0, 0, 0, 0, 0, 0, 0, 80, 0, 0, 0, 0, 0, 0, 0, 0, 0, 0, 24, 0, 0, 0, 0, 0, 24, 0, 0, 0, 0, 0, 59, 0, 0, 0, 0, 0, 0, 0, 0, 0, 23, 0, 0, 0, 0, 0, 0, 0, 0, 62, 0, 0, 0, 0, 0, 0, 0, 0, 0, 0, 41, 0, 0, 0, 0, 0, 0, 0, 0, 35, 0, 0, 0, 0, 44, 0, 0, 0, 0, 0, 0, 0, 0, 33, 0, 0, 0, 22]
[0, 0, 0, 0, 52, 0, 0, 0, 0, 0, 0, 0, 0, 0, 0, 0, 0, 0, 0, 80, 0, 0, 0, 0, 0, 0, 0, 0, 0, 0, 24, 0, 0, 0, 0, 0, 24, 0, 0, 0, 0, 0, 59, 0, 0, 0, 0, 0, 0, 0, 0, 0, 23, 0, 0, 0, 0, 0, 0, 0, 0, 62, 0, 0, 0, 0, 0, 0, 0, 0, 0, 0, 41, 0, 0, 0, 0, 0, 0, 0, 0, 35, 0, 0, 0, 0, 44, 0, 0, 0, 0, 0, 0, 0, 0, 33, 0, 0, 0, 22]
[0, 0, 0, 0, 52, 0, 0, 0, 0, 0, 0, 0, 0, 0, 0, 44, 0, 0, 0, 0, 0, 0, 0, 0, 48, 0, 0, 0, 0, 0, 0, 0, 0, 0, 0, 0, 48, 0, 0, 0, 0, 0, 35, 0, 0, 0, 0, 0, 0, 0, 0, 0, 47, 0, 0, 0, 0, 0, 0, 0, 0, 38, 0, 0, 0, 0, 0, 0, 0, 0, 0, 0, 65, 0, 0, 0, 0, 0, 0, 0, 0, 0, 27, 0, 0, 0, 36, 0, 0, 0, 0, 0, 0, 0, 0, 41, 0, 0, 0, 14]
[0, 0, 0, 0, 52, 0, 0, 0, 0, 0, 0, 0, 0, 0, 0, 44, 0, 0, 0, 0, 0, 0, 0, 0, 48, 0, 0, 0, 0, 0, 0, 0, 0, 0, 0, 0, 48, 0, 0, 0, 0, 0, 35, 0, 0, 0, 0, 0, 0, 0, 0, 0, 47, 0, 0, 0, 0, 0, 0, 0, 0, 38, 0, 0, 0, 0, 0, 0, 0, 0, 0, 0, 65, 0, 0, 0, 0, 0, 0, 0, 0, 0, 27, 0, 0, 0, 36, 0, 0, 0, 0, 0, 0, 0, 0, 41, 0, 0, 0, 14]
[0, 0, 0, 0, 52, 0, 0, 0, 0, 0, 0, 0, 0, 0, 0, 44, 0, 0, 0, 0, 0, 0, 0, 0, 48, 0, 0, 0, 0, 0, 0, 0, 0, 0, 0, 0, 48, 0, 0, 0, 0, 0, 35, 0, 0, 0, 0, 0, 0, 0, 0, 0, 47, 0, 0, 0, 0, 0, 0, 0, 0, 38, 0, 0, 0, 0, 0, 0, 0, 0, 0, 0, 65, 0, 0, 0, 0, 0, 0, 0, 0, 0, 27, 0, 0, 0, 36, 0, 0, 0, 0, 0, 0, 0, 0, 41, 0, 0, 0, 14]
[0, 0, 0, 0, 52, 0, 0, 0, 0, 0, 0, 0, 0, 0, 0, 44, 0, 0, 0, 0, 0, 0, 0, 0, 48, 0, 0, 0, 0, 0, 0, 0, 0, 0, 0, 0, 48, 0, 0, 0, 0, 0, 35, 0, 0, 0, 0, 0, 0, 0, 0, 0, 47, 0, 0, 0, 0, 0, 0, 0, 0, 38, 0, 0, 0, 0, 0, 0, 0, 0, 0, 0, 65, 0, 0, 0, 0, 0, 0, 0, 0, 0, 27, 0, 0, 0, 36, 0, 0, 0, 0, 0, 0, 0, 0, 41, 0, 0, 0, 14]
[0, 0, 0, 0, 52, 0, 0, 0, 0, 0, 0, 13, 0, 0, 0, 16, 0, 0, 0, 18, 0, 0, 0, 0, 38, 0, 0, 0, 0, 0, 8, 0, 0, 0, 0, 0, 40, 0, 0, 0, 0, 0, 43, 0, 0, 0, 0, 0, 0, 0, 0, 0, 39, 0, 0, 0, 0, 0, 0, 0, 0, 46, 0, 0, 0, 0, 0, 0, 0, 0, 0, 0, 57, 0, 0, 0, 0, 0, 0, 0, 0, 0, 35, 0, 0, 0, 28, 0, 0, 0, 0, 0, 0, 0, 0, 49, 0, 0, 0, 6]
[0, 0, 0, 0, 52, 0, 0, 0, 0, 0, 0, 13, 0, 0, 0, 16, 0, 0, 0, 18, 0, 0, 0, 0, 38, 0, 0, 0, 0, 0, 8, 0, 0, 0, 0, 0, 40, 0, 0, 0, 0, 0, 43, 0, 0, 0, 0, 0, 0, 0, 0, 0, 39, 0, 0, 0, 0, 0, 0, 0, 0, 46, 0, 0, 0, 0, 0, 0, 12, 0, 0, 0, 31, 0, 0, 0, 0, 0, 0, 20, 0, 0, 19, 0, 0, 0, 44, 0, 0, 0, 0, 0, 0, 0, 0, 33, 0, 0, 0, 22]
[0, 0, 0, 0, 52, 0, 0, 0, 0, 0, 0, 13, 0, 0, 0, 16, 0, 0, 0, 18, 0, 0, 0, 0, 38, 0, 0, 0, 0, 0, 8, 0, 0, 0, 0, 0, 40, 0, 0, 0, 0, 0, 43, 0, 0, 0, 0, 0, 0, 0, 0, 0, 39, 0, 0, 0, 0, 0, 0, 0, 0, 46, 0, 0, 0, 0, 0, 0, 12, 0, 0, 0, 31, 0, 0, 0, 0, 0, 0, 20, 0, 0, 19, 0, 0, 0, 44, 0, 0, 0, 0, 0, 0, 0, 0, 33, 0, 0, 0, 22]
[0, 0, 0, 0, 52, 0, 0, 0, 0, 0, 0, 13, 0, 0, 0, 16, 0, 0, 14, 0, 0, 23, 0, 0, 0, 0, 0, 0, 0, 14, 16, 0, 0, 0, 0, 0, 32, 0, 0, 0, 15, 0, 19, 0, 0, 0, 17, 0, 0, 0, 0, 0, 0, 33, 0, 0, 0, 0, 0, 0, 0, 46, 0, 0, 0, 0, 0, 0, 12, 0, 0, 0, 31, 0, 0, 0, 0, 0, 0, 20, 0, 0, 19, 0, 0, 0, 44, 0, 0, 0, 0, 0, 0, 0, 0, 33, 0, 0, 0, 22]
[0, 0, 0, 0, 52, 0, 0, 0, 0, 0, 0, 13, 0, 0, 0, 16, 0, 0, 14, 0, 0, 23, 0, 0, 0, 0, 0, 0, 0, 14, 16, 0, 0, 0, 0, 0, 32, 0, 0, 0, 15, 0, 19, 0, 0, 0, 17, 0, 0, 0, 0, 0, 0, 33, 0, 0, 0, 0, 0, 0, 0, 46, 0, 0, 0, 0, 0, 0, 12, 0, 0, 0, 31, 0, 0, 0, 0, 0, 0, 20, 0, 0, 19, 0, 0, 0, 44, 0, 0, 0, 0, 0, 0, 0, 0, 33, 0, 0, 0, 22]
[29, 0, 0, 0, 0, 0, 0, 23, 0, 0, 0, 11, 0, 0, 0, 18, 0, 0, 12, 0, 0, 25, 0, 0, 0, 0, 0, 0, 0, 12, 18, 0, 0, 0, 0, 0, 30, 0, 0, 0, 17, 0, 17, 0, 0, 0, 19, 0, 0, 0, 0, 0, 0, 31, 0, 0, 0, 0, 0, 0, 0, 48, 0, 0, 0, 0, 0, 0, 10, 0, 0, 0, 33, 0, 0, 0, 0, 0, 0, 18, 0, 0, 21, 0, 0, 0, 42, 0, 0, 0, 0, 0, 0, 0, 0, 35, 0, 0, 0, 20]
[29, 0, 0, 0, 0, 0, 0, 23, 0, 0, 0, 11, 0, 0, 0, 18, 0, 0, 12, 0, 0, 25, 0, 0, 0, 0, 0, 0, 0, 12, 18, 0, 0, 0, 0, 0, 30, 0, 0, 0, 17, 0, 17, 0, 0, 0, 19, 0, 0, 0, 0, 0, 0, 31, 0, 0, 0, 0, 0, 0, 0, 48, 0, 0, 0, 0, 0, 0, 10, 0, 0, 0, 33, 0, 0, 0, 0, 0, 0, 18, 0, 0, 21, 0, 0, 0, 42, 0, 0, 0, 0, 0, 0, 0, 0, 35, 0, 0, 0, 20]
[29, 0, 0, 0, 0, 0, 0, 23, 0, 0, 0, 11, 0, 0, 0, 18, 0, 0, 12, 0, 0, 25, 0, 0, 0, 0, 0, 0, 0, 12, 18, 0, 0, 0, 0, 0, 30, 0, 0, 0, 17, 0, 17, 0, 0, 0, 19, 0, 0, 0, 0, 0, 0, 31, 0, 0, 0, 0, 0, 26, 0, 0, 0, 8, 8, 0, 0, 0, 18, 0, 0, 0, 25, 0, 0, 0, 0, 0, 0, 26, 0, 0, 13, 0, 15, 0, 18, 0, 0, 0, 10, 0, 0, 0, 9, 17, 14, 0, 0, 8]
[29, 0, 0, 0, 0, 0, 0, 23, 0, 0, 0, 11, 0, 0, 0, 18, 0, 0, 12, 0, 0, 25, 0, 0, 0, 0, 0, 0, 0, 12, 18, 0, 0, 0, 0, 0, 30, 0, 0, 0, 17, 0, 17, 0, 0, 0, 19, 0, 0, 0, 0, 0, 0, 31, 0, 0, 0, 0, 0, 26, 0, 0, 0, 8, 8, 0, 0, 0, 18, 0, 0, 0, 25, 0, 0, 0, 0, 0, 0, 26, 0, 0, 13, 0, 15, 0, 18, 0, 0, 0, 10, 0, 0, 0, 9, 17, 14, 0, 0, 8]
[29, 0, 0, 0, 0, 0, 0, 23, 0, 0, 0, 11, 0, 0, 0, 18, 0, 0, 12, 0, 0, 25, 0, 0, 0, 0, 0, 0, 0, 12, 18, 0, 0, 0, 0, 0, 30, 0, 0, 0, 17, 0, 17, 0, 0, 0, 19, 0, 0, 0, 0, 16, 0, 0, 0, 20, 0, 0, 0, 14, 0, 6, 0, 6, 10, 0, 0, 0, 16, 0, 0, 0, 27, 0, 0, 0, 0, 0, 0, 24, 0, 0, 15, 0, 13, 0, 20, 0, 0, 0, 8, 0, 0, 0, 11, 15, 16, 0, 0, 6]
[29, 0, 0, 0, 0, 0, 0, 23, 0, 0, 0, 11, 0, 0, 0, 18, 0, 0, 12, 0, 0, 25, 0, 0, 0, 0, 0, 0, 0, 12, 18, 0, 0, 0, 0, 0, 30, 0, 0, 0, 17, 0, 17, 0, 0, 0, 19, 0, 0, 0, 0, 16, 0, 0, 0, 20, 0, 0, 0, 14, 0, 6, 0, 6, 10, 0, 0, 0, 16, 0, 0, 0, 27, 0, 0, 0, 0, 0, 0, 24, 0, 0, 15, 0, 13, 0, 20, 0, 0, 0, 8, 0, 0, 0, 11, 15, 16, 0, 0, 6]
[29, 0, 0, 0, 0, 0, 0, 23, 0, 0, 0, 11, 0, 0, 0, 18, 0, 0, 12, 0, 0, 25, 0, 0, 0, 0, 0, 0, 0, 12, 18, 0, 0, 0, 0, 0, 30, 0, 0, 0, 17, 0, 17, 0, 0, 0, 19, 0, 0, 0, 0, 16, 0, 0, 0, 20, 0, 0, 0, 14, 0, 6, 0, 6, 10, 0, 0, 0, 16, 0, 0, 0, 27, 0, 0, 0, 0, 0, 0, 24, 0, 0, 15, 0, 13, 0, 20, 0, 0, 0, 8, 0, 0, 0, 11, 15, 16, 0, 0, 6]
[29, 0, 0, 0, 0, 0, 0, 23, 0, 0, 0, 11, 0, 0, 0, 18, 0, 0, 12, 0, 0, 25, 0, 0, 0, 0, 0, 0, 0, 12, 18, 0, 0, 0, 0, 0, 30, 0, 0, 0, 17, 0, 17, 0, 0, 0, 19, 0, 0, 0, 0, 16, 0, 0, 0, 20, 0, 0, 0, 14, 0, 6, 0, 6, 10, 0, 0, 0, 16, 0, 0, 0, 27, 0, 0, 0, 0, 0, 0, 24, 0, 0, 15, 0, 13, 0, 20, 0, 0, 0, 8, 0, 0, 0, 11, 15, 16, 0, 0, 6]
[29, 0, 0, 0, 0, 0, 0, 23, 0, 0, 0, 11, 0, 0, 0, 18, 0, 0, 12, 0, 0, 25, 0, 0, 0, 0, 0, 0, 0, 12, 18, 0, 0, 0, 0, 0, 30, 0, 0, 0, 17, 0, 17, 0, 0, 0, 19, 0, 0, 0, 0, 16, 0, 0, 0, 20, 0, 0, 0, 14, 0, 6, 0, 6, 10, 0, 0, 0, 16, 0, 0, 0, 27, 0, 0, 0, 0, 0, 0, 24, 0, 0, 15, 0, 13, 0, 20, 0, 0, 0, 8, 0, 0, 0, 11, 15, 16, 0, 0, 6]
[29, 0, 0, 0, 0, 0, 0, 23, 0, 0, 0, 11, 0, 0, 0, 18, 0, 0, 12, 0, 0, 25, 0, 0, 0, 0, 0, 0, 0, 12, 18, 0, 0, 0, 0, 0, 30, 0, 0, 0, 17, 0, 17, 0, 0, 0, 19, 0, 0, 0, 0, 16, 0, 0, 0, 20, 0, 0, 0, 14, 0, 6, 0, 6, 10, 0, 0, 0, 16, 0, 0, 0, 27, 0, 0, 0, 0, 0, 0, 24, 0, 0, 15, 0, 13, 0, 20, 0, 0, 0, 8, 0, 0, 0, 11, 15, 16, 0, 0, 6]
[29, 0, 0, 0, 0, 0, 4, 13, 5, 0, 0, 9, 6, 2, 0, 1, 9, 0, 0, 13, 0, 20, 0, 0, 0, 2, 0, 0, 0, 11, 19, 0, 0, 0, 17, 0, 0, 0, 2, 15, 4, 17, 0, 0, 10, 0, 10, 0, 0, 10, 0, 3, 0, 10, 0, 11, 0, 0, 0, 23, 0, 0, 9, 0, 0, 12, 6, 0, 0, 13, 0, 10, 0, 0, 9, 0, 0, 0, 24, 0, 0, 0, 16, 0, 12, 13, 0, 0, 7, 0, 7, 0, 0, 0, 12, 14, 17, 0, 0, 5]
[29, 0, 0, 0, 0, 0, 4, 13, 5, 0, 0, 9, 6, 2, 0, 1, 9, 0, 0, 13, 0, 20, 0, 0, 0, 2, 0, 0, 2, 5, 25, 0, 0, 0, 11, 0, 0, 0, 8, 9, 10, 11, 1, 0, 13, 0, 7, 0, 10, 0, 0, 6, 0, 7, 0, 14, 0, 0, 0, 20, 0, 1, 9, 0, 0, 12, 6, 0, 0, 13, 0, 10, 0, 0, 9, 0, 0, 0, 24, 0, 0, 0, 16, 0, 12, 13, 0, 0, 7, 0, 7, 0, 0, 0, 12, 14, 17, 0, 0, 5]
[29, 0, 0, 0, 0, 0, 4, 13, 5, 0, 0, 9, 6, 2, 0, 1, 9, 0, 0, 13, 0, 20, 0, 0, 0, 2, 0, 0, 2, 5, 25, 0, 0, 0, 11, 0, 0, 0, 8, 9, 10, 11, 1, 0, 13, 0, 7, 0, 10, 0, 0, 6, 0, 7, 0, 14, 0, 0, 0, 20, 0, 1, 9, 0, 0, 12, 6, 0, 0, 13, 0, 10, 0, 0, 9, 0, 0, 0, 24, 0, 0, 0, 16, 0, 12, 13, 0, 0, 7, 0, 7, 0, 0, 0, 12, 14, 17, 0, 0, 5]
[29, 0, 0, 0, 0, 0, 4, 13, 5, 0, 0, 9, 6, 2, 0, 1, 9, 0, 0, 13, 0, 20, 0, 0, 0, 2, 0, 0, 2, 5, 25, 0, 0, 0, 11, 0, 0, 0, 8, 9, 10, 11, 1, 0, 13, 0, 7, 0, 10, 0, 0, 6, 0, 7, 0, 14, 0, 0, 0, 20, 0, 1, 9, 0, 0, 12, 6, 0, 0, 13, 0, 10, 0, 0, 9, 0, 0, 0, 24, 0, 0, 0, 16, 0, 12, 13, 0, 0, 7, 0, 7, 0, 0, 0, 12, 14, 17, 0, 0, 5]
