[0, 0, 0, 0, 37, 0, 0, 0, 0, 0, 0, 0, 0, 0, 0, 0, 0, 0, 0, 0, 0, 102, 0, 0, 0, 0, 0, 0, 0, 0, 0, 0, 0, 0, 0, 0, 0, 0, 59, 0, 0, 0, 0, 24, 0, 0, 0, 0, 0, 0, 0, 0, 0, 0, 0, 0, 0, 0, 0, 117, 0, 0, 0, 0, 0, 0, 0, 0, 0, 0, 0, 0, 0, 0, 0, 42, 0, 0, 30, 0, 0, 0, 0, 0, 0, 0, 0, 45, 0, 0, 0, 0, 0, 0, 0, 0, 42, 0, 0, 0]
[0, 0, 0, 0, 37, 0, 0, 0, 0, 0, 0, 0, 0, 0, 0, 0, 0, 0, 0, 0, 0, 102, 0, 0, 0, 0, 0, 0, 0, 0, 0, 0, 0, 0, 0, 0, 0, 0, 59, 0, 0, 0, 0, 24, 0, 0, 0, 0, 0, 0, 0, 0, 0, 0, 0, 0, 0, 0, 0, 117, 0, 0, 0, 0, 0, 0, 0, 0, 0, 0, 0, 0, 0, 0, 0, 42, 0, 0, 30, 0, 0, 0, 0, 0, 0, 0, 0, 45, 0, 0, 0, 0, 0, 0, 0, 0, 42, 0, 0, 0]
[0, 0, 0, 0, 37, 0, 0, 0, 0, 0, 0, 0, 0, 0, 0, 0, 0, 0, 0, 0, 0, 102, 0, 0, 0, 0, 0, 0, 0, 0, 0, 0, 0, 0, 0, 0, 0, 0, 59, 0, 0, 0, 0, 24, 0, 0, 0, 0, 0, 0, 0, 0, 0, 0, 0, 0, 0, 0, 0, 117, 0, 0, 0, 0, 0, 0, 0, 0, 0, 0, 0, 0, 0, 0, 0, 42, 0, 0, 30, 0, 0, 0, 0, 0, 0, 0, 0, 45, 0, 0, 0, 0, 0, 0, 0, 0, 42, 0, 0, 0]
[0, 0, 0, 0, 37, 0, 0, 0, 0, 0, 0, 0, 25, 0, 0, 0, 0, 0, 0, 0, 0, 50, 0, 0, 0, 0, 40, 0, 0, 0, 0, 0, 0, 0, 0, 0, 0, 0, 29, 0, 0, 0, 0, 54, 0, 0, 0, 0, 0, 0, 0, 0, 0, 0, 0, 0, 0, 0, 0, 87, 0, 0, 0, 0, 0, 0, 0, 0, 0, 0, 0, 12, 0, 0, 0, 46, 0, 0, 26, 0, 0, 0, 0, 0, 0, 0, 0, 49, 0, 0, 0, 0, 0, 0, 0, 0, 38, 0, 0, 0]
[0, 0, 0, 0, 37, 0, 0, 0, 0, 0, 0, 0, 25, 0, 0, 0, 0, 0, 0, 0, 0, 50, 0, 0, 0, 0, 40, 0, 0, 0, 0, 0, 0, 0, 0, 0, 0, 0, 29, 0, 0, 0, 0, 54, 0, 0, 0, 0, 0, 0, 0, 0, 0, 0, 0, 0, 0, 0, 0, 87, 0, 0, 0, 0, 0, 0, 0, 0, 0, 0, 0, 12, 0, 0, 0, 46, 0, 0, 26, 0, 0, 0, 0, 0, 0, 0, 0, 49, 0, 0, 0, 0, 0, 0, 0, 0, 38, 0, 0, 0]
[0, 0, 0, 0, 37, 0, 0, 0, 0, 0, 0, 0, 25, 0, 0, 0, 0, 0, 0, 0, 0, 50, 0, 0, 0, 0, 40, 0, 0, 0, 0, 0, 0, 0, 0, 0, 0, 0, 29, 0, 0, 0, 0, 54, 0, 0, 0, 0, 0, 0, 0, 0, 0, 0, 0, 0, 0, 0, 0, 87, 0, 0, 0, 0, 0, 0, 0, 0, 0, 0, 0, 12, 0, 0, 0, 46, 0, 0, 26, 0, 0, 0, 0, 0, 0, 0, 0, 49, 0, 0, 0, 0, 0, 0, 0, 0, 38, 0, 0, 0]
[0, 0, 0, 0, 37, 0, 0, 0, 0, 0, 0, 0, 25, 0, 0, 0, 0, 0, 0, 0, 0, 50, 0, 0, 0, 0, 40, 0, 0, 0, 0, 0, 0, 0, 0, 0, 0, 0, 29, 0, 0, 0, 0, 54, 0, 0, 0, 0, 0, 0, 0, 0, 0, 0, 0, 0, 0, 0, 0, 87, 0, 0, 0, 0, 0, 0, 0, 0, 0, 0, 0, 12, 0, 0, 0, 46, 0, 0, 26, 0, 0, 0, 0, 0, 0, 0, 0, 49, 0, 0, 0, 0, 0, 0, 0, 0, 38, 0, 0, 0]
[0, 0, 0, 0, 37, 0, 0, 0, 0, 0, 0, 0, 25, 0, 0, 0, 0, 0, 0, 0, 0, 50, 0, 0, 0, 0, 40, 0, 0, 0, 0, 0, 0, 0, 0, 0, 0, 0, 29, 0, 0, 0, 0, 54, 0, 0, 0, 0, 0, 0, 0, 0, 0, 0, 0, 0, 0, 0, 0, 87, 0, 0, 0, 0, 0, 0, 0, 0, 0, 0, 0, 12, 0, 0, 0, 46, 0, 0, 26, 0, 0, 0, 0, 0, 0, 0, 0, 49, 0, 0, 0, 0, 0, 0, 0, 0, 38, 0, 0, 0]
[0, 0, 0, 0, 37, 0, 0, 0, 0, 0, 0, 0, 25, 0, 0, 0, 0, 0, 0, 0, 0, 50, 0, 0, 0, 0, 40, 0, 0, 0, 0, 0, 0, 0, 0, 0, 0, 0, 29, 0, 0, 0, 0, 54, 0, 0, 0, 0, 0, 0, 0, 26, 0, 0, 0, 0, 0, 0, 0, 33, 0, 0, 0, 0, 0, 0, 27, 0, 0, 0, 0, 10, 0, 0, 0, 48, 0, 0, 24, 0, 0, 0, 0, 0, 0, 0, 0, 51, 0, 0, 0, 0, 0, 0, 0, 0, 36, 0, 0, 0]
[0, 0, 0, 0, 37, 0, 0, 0, 0, 0, 0, 0, 25, 0, 0, 0, 0, 0, 0, 0, 0, 50, 0, 0, 0, 0, 40, 0, 0, 0, 0, 0, 0, 0, 0, 0, 0, 0, 29, 0, 0, 0, 0, 54, 0, 0, 0, 0, 0, 0, 0, 26, 0, 0, 0, 0, 0, 0, 0, 33, 0, 0, 0, 0, 0, 0, 27, 0, 0, 0, 0, 10, 0, 0, 0, 48, 0, 0, 24, 0, 0, 0, 0, 0, 0, 0, 0, 51, 0, 0, 0, 0, 0, 0, 0, 0, 36, 0, 0, 0]
[0, 0, 0, 0, 37, 0, 0, 0, 0, 0, 0, 0, 25, 0, 0, 0, 0, 0, 0, 0, 0, 50, 0, 0, 0, 0, 40, 0, 0, 0, 0, 0, 0, 0, 0, 0, 0, 0, 29, 0, 0, 0, 0, 54, 0, 0, 0, 0, 0, 0, 0, 26, 0, 0, 0, 0, 0, 0, 0, 33, 0, 0, 0, 0, 0, 0, 27, 0, 0, 0, 0, 10, 0, 0, 0, 48, 0, 0, 24, 0, 0, 0, 0, 0, 0, 0, 0, 51, 0, 0, 0, 0, 0, 0, 0, 0, 36, 0, 0, 0]
[0, 0, 0, 0, 37, 0, 0, 0, 0, 0, 0, 0, 25, 0, 0, 0, 0, 0, 0, 0, 0, 50, 0, 0, 0, 0, 40, 0, 0, 0, 0, 0, 0, 0, 0, 0, 0, 0, 29, 0, 0, 0, 0, 54, 0, 0, 0, 0, 0, 0, 0, 26, 0, 0, 0, 0, 0, 0, 0, 33, 0, 0, 0, 0, 0, 0, 27, 0, 0, 0, 0, 10, 0, 0, 0, 48, 0, 0, 24, 0, 0, 0, 0, 0, 0, 0, 0, 51, 0, 0, 0, 0, 0, 0, 0, 0, 36, 0, 0, 0]
[0, 0, 0, 0, 37, 0, 0, 0, 0, 0, 0, 0, 25, 0, 0, 0, 0, 0, 0, 0, 0, 50, 0, 0, 0, 0, 40, 0, 0, 0, 0, 0, 0, 0, 0, 0, 0, 0, 29, 0, 0, 0, 0, 54, 0, 0, 0, 0, 0, 0, 0, 26, 0, 0, 0, 0, 0, 0, 0, 33, 0, 0, 0, 0, 0, 0, 27, 0, 0, 0, 0, 10, 0, 0, 0, 48, 0, 0, 24, 0, 0, 0, 0, 0, 0, 0, 0, 51, 0, 0, 0, 0, 0, 0, 0, 0, 36, 0, 0, 0]
[0, 0, 0, 0, 37, 0, 0, 0, 0, 0, 0, 0, 0, 31, 0, 0, 0, 0, 0, 0, 0, 38, 0, 0, 0, 28, 0, 0, 0, 0, 0, 0, 0, 0, 42, 0, 0, 0, 0, 0, 0, 22, 0, 18, 0, 0, 16, 0, 0, 0, 0, 28, 0, 0, 0, 0, 0, 0, 0, 31, 0, 0, 0, 0, 0, 0, 29, 0, 0, 0, 0, 8, 0, 0, 0, 50, 0, 0, 22, 0, 0, 0, 0, 0, 0, 0, 0, 53, 0, 0, 0, 0, 0, 0, 0, 0, 34, 0, 0, 0]
[0, 0, 0, 0, 37, 0, 0, 0, 0, 0, 0, 0, 0, 31, 0, 0, 0, 0, 0, 0, 0, 38, 0, 0, 0, 28, 0, 0, 0, 0, 0, 0, 0, 0, 42, 0, 0, 0, 0, 0, 0, 22, 0, 18, 0, 0, 16, 0, 0, 0, 0, 28, 0, 0, 0, 0, 0, 0, 0, 31, 0, 0, 0, 0, 0, 0, 29, 0, 0, 0, 0, 8, 0, 0, 0, 50, 0, 0, 22, 0, 0, 0, 0, 0, 0, 0, 0, 53, 0, 0, 0, 0, 0, 0, 0, 0, 34, 0, 0, 0]
[0, 0, 0, 0, 37, 0, 0, 0, 0, 0, 0, 0, 0, 31, 0, 0, 0, 0, 0, 0, 0, 38, 0, 0, 0, 28, 0, 0, 0, 0, 0, 0, 0, 0, 42, 0, 0, 0, 0, 0, 0, 22, 0, 18, 0, 0, 16, 0, 0, 0, 0, 28, 0, 0, 0, 0, 0, 0, 0, 31, 0, 0, 0, 0, 0, 0, 29, 0, 0, 0, 0, 8, 0, 0, 0, 50, 0, 0, 22, 0, 0, 0, 0, 0, 0, 0, 0, 53, 0, 0, 0, 0, 0, 0, 0, 0, 34, 0, 0, 0]
[0, 0, 0, 0, 37, 0, 0, 0, 0, 0, 0, 0, 0, 31, 0, 0, 0, 0, 0, 0, 0, 38, 0, 0, 0, 28, 0, 0, 0, 0, 0, 0, 0, 0, 42, 0, 0, 0, 0, 0, 0, 22, 0, 18, 0, 0, 16, 0, 0, 0, 0, 28, 0, 0, 0, 0, 0, 0, 0, 31, 0, 0, 0, 0, 0, 0, 29, 0, 0, 0, 0, 8, 0, 0, 0, 50, 0, 0, 22, 0, 0, 0, 0, 0, 0, 0, 0, 53, 0, 0, 0, 0, 0, 0, 0, 0, 34, 0, 0, 0]
[0, 0, 0, 0, 37, 0, 0, 0, 0, 0, 0, 0, 0, 31, 0, 0, 0, 0, 0, 0, 0, 38, 0, 0, 0, 28, 0, 0, 0, 0, 0, 0, 0, 0, 42, 0, 0, 0, 0, 0, 0, 22, 0, 18, 0, 0, 16, 0, 0, 0, 0, 28, 0, 0, 0, 0, 0, 0, 0, 31, 0, 0, 0, 0, 0, 0, 29, 0, 0, 0, 0, 8, 0, 0, 0, 50, 0, 0, 22, 0, 0, 0, 0, 0, 0, 0, 0, 53, 0, 0, 0, 0, 0, 0, 0, 0, 34, 0, 0, 0]
[0, 0, 0, 0, 37, 0, 0, 0, 0, 0, 0, 0, 0, 31, 0, 0, 0, 0, 5, 0, 0, 26, 0, 0, 0, 40, 0, 0, 0, 0, 0, 0, 0, 0, 30, 0, 0, 0, 0, 0, 0, 34, 0, 6, 0, 0, 28, 0, 0, 0, 0, 16, 0, 0, 0, 0, 0, 12, 0, 0, 0, 0, 30, 0, 0, 0, 17, 0, 0, 0, 0, 20, 0, 0, 0, 38, 0, 0, 34, 0, 0, 0, 0, 0, 0, 0, 0, 41, 0, 0, 0, 0, 0, 20, 0, 0, 30, 0, 0, 0]
[0, 0, 0, 0, 37, 0, 0, 0, 0, 0, 0, 0, 0, 31, 0, 0, 0, 0, 5, 0, 0, 26, 0, 0, 0, 40, 0, 0, 0, 0, 0, 0, 0, 0, 30, 0, 0, 0, 0, 0, 0, 34, 0, 6, 0, 0, 28, 0, 0, 0, 0, 16, 0, 0, 0, 0, 0, 12, 0, 0, 0, 0, 30, 0, 0, 0, 17, 0, 0, 0, 0, 20, 0, 0, 0, 38, 0, 0, 34, 0, 0, 0, 0, 0, 0, 0, 0, 41, 0, 0, 0, 0, 0, 20, 0, 0, 30, 0, 0, 0]
[0, 0, 0, 0, 37, 0, 0, 0, 0, 0, 0, 0, 0, 31, 0, 0, 0, 0, 5, 0, 0, 26, 0, 0, 0, 40, 0, 0, 0, 0, 0, 0, 0, 0, 30, 0, 0, 0, 0, 0, 0, 34, 0, 6, 0, 0, 28, 0, 0, 0, 0, 16, 0, 0, 0, 0, 0, 12, 0, 0, 0, 0, 30, 0, 0, 0, 17, 0, 0, 0, 0, 20, 0, 0, 0, 38, 0, 0, 34, 0, 0, 0, 0, 0, 0, 0, 0, 41, 0, 0, 0, 0, 0, 20, 0, 0, 30, 0, 0, 0]
[0, 0, 16, 0, 0, 12, 8, 0, 0, 0, 0, 0, 23, 0, 0, 0, 0, 0, 19, 0, 0, 0, 22, 0, 26, 0, 0, 0, 11, 0, 0, 0, 10, 0, 6, 0, 0, 0, 0, 20, 0, 16, 19, 0, 0, 0, 20, 0, 0, 9, 0, 4, 0, 0, 0, 0, 19, 0, 12, 0, 0, 0, 0, 9, 0, 20, 0, 0, 0, 0, 0, 28, 0, 0, 0, 30, 24, 0, 0, 0, 0, 0, 0, 25, 0, 0, 10, 0, 0, 0, 21, 0, 0, 14, 0, 0, 10, 0, 0, 12]
[0, 0, 16, 0, 0, 12, 8, 0, 0, 0, 0, 0, 23, 0, 0, 0, 0, 0, 19, 0, 0, 0, 22, 0, 26, 0, 0, 0, 11, 0, 0, 0, 10, 0, 6, 0, 0, 0, 0, 20, 0, 16, 19, 0, 0, 0, 20, 0, 0, 9, 0, 4, 0, 0, 0, 0, 19, 0, 12, 0, 0, 0, 0, 9, 0, 20, 0, 0, 0, 0, 0, 28, 0, 0, 0, 30, 24, 0, 0, 0, 0, 0, 0, 25, 0, 0, 10, 0, 0, 0, 21, 0, 0, 14, 0, 0, 10, 0, 0, 12]
[0, 0, 16, 0, 0, 12, 8, 0, 0, 0, 0, 0, 23, 0, 0, 0, 0, 0, 19, 0, 0, 0, 22, 0, 26, 0, 0, 0, 11, 0, 0, 0, 10, 0, 6, 0, 0, 0, 0, 20, 0, 16, 19, 0, 0, 0, 20, 0, 0, 9, 0, 4, 0, 0, 0, 0, 19, 0, 12, 0, 0, 0, 0, 9, 0, 20, 0, 0, 0, 0, 0, 28, 0, 0, 0, 30, 24, 0, 0, 0, 0, 0, 0, 25, 0, 0, 10, 0, 0, 0, 21, 0, 0, 14, 0, 0, 10, 0, 0, 12]
[0, 0, 16, 0, 0, 12, 8, 0, 0, 0, 0, 0, 23, 0, 0, 0, 0, 0, 19, 0, 0, 0, 22, 0, 26, 0, 0, 0, 11, 0, 0, 0, 10, 0, 6, 0, 0, 0, 0, 20, 0, 16, 19, 0, 0, 0, 20, 0, 0, 9, 0, 4, 0, 0, 0, 0, 19, 0, 12, 0, 0, 0, 0, 9, 0, 20, 0, 0, 0, 0, 0, 28, 0, 0, 0, 30, 24, 0, 0, 0, 0, 0, 0, 25, 0, 0, 10, 0, 0, 0, 21, 0, 0, 14, 0, 0, 10, 0, 0, 12]
[0, 0, 16, 0, 0, 12, 8, 0, 0, 0, 8, 0, 5, 0, 4, 11, 0, 0, 0, 22, 0, 0, 1, 13, 19, 0, 0, 0, 18, 0, 0, 0, 3, 0, 13, 0, 0, 0, 0, 13, 0, 23, 12, 0, 0, 10, 5, 0, 7, 8, 0, 5, 0, 0, 0, 0, 18, 0, 13, 0, 0, 0, 0, 8, 0, 21, 0, 0, 0, 0, 0, 27, 0, 0, 0, 31, 23, 0, 0, 0, 0, 0, 0, 26, 0, 0, 9, 0, 0, 0, 22, 0, 0, 13, 0, 0, 11, 0, 0, 11]
[0, 0, 16, 0, 0, 12, 8, 0, 0, 0, 8, 0, 5, 0, 4, 11, 0, 0, 0, 22, 0, 0, 1, 13, 19, 0, 0, 0, 18, 0, 0, 0, 3, 0, 13, 0, 0, 0, 0, 13, 0, 23, 12, 0, 0, 10, 5, 0, 7, 8, 0, 5, 0, 0, 0, 0, 18, 0, 13, 0, 0, 0, 0, 8, 0, 21, 0, 0, 0, 0, 0, 27, 0, 0, 0, 31, 23, 0, 0, 0, 0, 0, 0, 26, 0, 0, 9, 0, 0, 0, 22, 0, 0, 13, 0, 0, 11, 0, 0, 11]
[0, 0, 16, 0, 0, 12, 8, 0, 0, 0, 8, 0, 5, 0, 4, 11, 0, 0, 0, 22, 0, 0, 1, 13, 19, 0, 0, 0, 18, 0, 0, 0, 3, 0, 13, 0, 0, 0, 0, 13, 0, 23, 12, 0, 0, 10, 5, 0, 7, 8, 0, 5, 0, 0, 0, 0, 18, 0, 13, 0, 0, 0, 0, 8, 0, 21, 0, 0, 0, 0, 0, 27, 0, 0, 0, 31, 23, 0, 0, 0, 0, 0, 0, 26, 0, 0, 9, 0, 0, 0, 22, 0, 0, 13, 0, 0, 11, 0, 0, 11]
[0, 0, 16, 0, 0, 12, 8, 0, 0, 0, 8, 0, 5, 0, 4, 11, 0, 0, 0, 22, 0, 0, 1, 13, 19, 0, 0, 0, 18, 0, 0, 0, 3, 0, 13, 0, 0, 0, 0, 13, 0, 23, 12, 0, 0, 10, 5, 0, 7, 8, 0, 5, 0, 0, 0, 0, 18, 0, 13, 0, 0, 0, 0, 8, 0, 21, 0, 0, 0, 0, 0, 27, 0, 0, 0, 31, 23, 0, 0, 0, 0, 0, 0, 26, 0, 0, 9, 0, 0, 0, 22, 0, 0, 13, 0, 0, 11, 0, 0, 11]
[0, 0, 16, 0, 0, 12, 8, 0, 0, 0, 8, 0, 5, 0, 4, 11, 0, 0, 0, 22, 0, 0, 1, 13, 19, 0, 0, 0, 18, 0, 0, 0, 3, 0, 13, 0, 0, 0, 0, 13, 0, 23, 12, 0, 0, 10, 5, 0, 7, 8, 0, 5, 0, 0, 0, 0, 18, 0, 13, 0, 0, 0, 0, 8, 0, 21, 0, 0, 0, 0, 0, 27, 0, 0, 0, 31, 23, 0, 0, 0, 0, 11, 0, 2, 0, 18, 0, 0, 11, 0, 4, 12, 0, 5, 4, 0, 9, 0, 0, 13]
[0, 0, 16, 0, 0, 12, 8, 0, 0, 0, 8, 0, 5, 1, 2, 13, 0, 0, 0, 20, 0, 0, 2, 12, 20, 0, 0, 0, 17, 0, 0, 0, 4, 0, 12, 0, 0, 0, 0, 14, 0, 22, 13, 0, 0, 9, 6, 0, 6, 9, 0, 4, 0, 0, 0, 0, 19, 0, 12, 0, 0, 0, 0, 9, 0, 20, 0, 0, 0, 0, 0, 28, 0, 0, 0, 30, 24, 0, 0, 0, 0, 10, 0, 3, 0, 17, 0, 0, 12, 0, 3, 13, 0, 4, 5, 0, 8, 0, 0, 14]
[0, 0, 16, 0, 0, 12, 8, 0, 0, 0, 8, 0, 5, 0, 4, 11, 0, 0, 3, 14, 0, 0, 8, 6, 26, 0, 0, 0, 11, 0, 0, 0, 10, 0, 6, 1, 0, 0, 0, 17, 0, 19, 16, 0, 0, 6, 9, 0, 3, 12, 0, 2, 0, 0, 0, 0, 21, 0, 10, 0, 0, 2, 0, 5, 0, 24, 0, 0, 0, 0, 0, 24, 0, 2, 0, 29, 25, 0, 0, 0, 0, 9, 0, 4, 0, 16, 0, 0, 13, 0, 2, 14, 0, 3, 6, 0, 7, 0, 0, 15]
