[0, 0, 0, 0, 0, 0, 0, 0, 0, 0, 0, 0, 68, 0, 0, 0, 0, 0, 0, 0, 0, 0, 0, 0, 0, 0, 0, 0, 0, 66, 0, 0, 0, 0, 0, 0, 0, 0, 0, 0, 0, 0, 0, 0, 0, 0, 0, 69, 0, 0, 0, 0, 0, 0, 0, 0, 0, 0, 8, 0, 0, 0, 0, 0, 0, 0, 0, 0, 0, 0, 0, 0, 0, 0, 0, 0, 0, 0, 0, 0, 0, 0, 0, 0, 0, 111, 0, 0, 0, 0, 0, 0, 0, 0, 0, 0, 0, 0, 0, 0, 0, 0, 5, 0, 0, 0, 0, 0, 0, 0, 0, 0, 0, 0, 0, 0, 0, 0, 194, 0, 0, 0, 0, 0, 0, 0, 0, 0, 0, 0, 0, 0, 0, 0, 0, 0, 0, 0, 0, 0, 0, 0, 0, 0, 0, 0, 0, 0, 0, 0]
[0, 0, 0, 0, 0, 0, 0, 0, 0, 0, 0, 0, 68, 0, 0, 0, 0, 0, 0, 0, 0, 0, 0, 0, 0, 0, 0, 0, 0, 66, 0, 0, 0, 0, 0, 0, 0, 0, 0, 0, 0, 0, 0, 0, 0, 0, 0, 69, 0, 0, 0, 0, 0, 0, 0, 0, 0, 0, 8, 0, 0, 0, 0, 0, 0, 0, 0, 0, 0, 0, 0, 0, 0, 0, 0, 0, 0, 68, 0, 0, 0, 0, 0, 0, 0, 0, 0, 0, 0, 0, 0, 0, 0, 0, 0, 0, 0, 0, 0, 0, 0, 0, 91, 0, 0, 0, 0, 0, 0, 0, 0, 0, 0, 0, 0, 0, 0, 0, 0, 0, 0, 0, 0, 0, 0, 0, 0, 0, 0, 0, 125, 0, 0, 0, 0, 0, 0, 0, 0, 0, 0, 0, 0, 0, 0, 0, 0, 0, 0, 0]
[0, 0, 0, 0, 0, 0, 0, 0, 0, 0, 0, 0, 68, 0, 0, 0, 0, 0, 0, 0, 0, 0, 0, 0, 0, 0, 0, 0, 0, 66, 0, 0, 0, 0, 0, 0, 0, 0, 0, 0, 0, 0, 0, 0, 0, 0, 0, 69, 0, 0, 0, 0, 0, 0, 0, 0, 0, 0, 8, 0, 0, 0, 0, 0, 0, 0, 0, 0, 0, 0, 0, 0, 0, 0, 0, 0, 0, 68, 0, 0, 0, 0, 0, 0, 0, 0, 0, 0, 0, 0, 0, 0, 0, 0, 0, 0, 0, 0, 0, 0, 0, 0, 91, 0, 0, 0, 0, 0, 0, 0, 0, 0, 0, 0, 0, 0, 0, 0, 0, 0, 0, 0, 0, 0, 0, 0, 0, 0, 0, 0, 125, 0, 0, 0, 0, 0, 0, 0, 0, 0, 0, 0, 0, 0, 0, 0, 0, 0, 0, 0]
[0, 0, 0, 0, 0, 0, 0, 0, 0, 0, 0, 0, 68, 0, 0, 0, 0, 0, 0, 0, 0, 0, 0, 0, 25, 0, 0, 0, 0, 14, 0, 0, 0, 0, 0, 0, 0, 38, 0, 0, 0, 0, 0, 0, 0, 0, 0, 43, 0, 0, 0, 0, 0, 0, 0, 0, 0, 0, 34, 0, 0, 0, 0, 0, 0, 0, 0, 0, 0, 0, 0, 0, 0, 0, 0, 0, 0, 0, 0, 0, 0, 0, 0, 0, 0, 85, 0, 0, 0, 0, 0, 0, 0, 0, 0, 0, 0, 0, 0, 0, 0, 0, 31, 0, 0, 0, 34, 0, 0, 0, 0, 0, 0, 0, 0, 0, 0, 0, 0, 0, 0, 0, 0, 0, 0, 0, 0, 0, 0, 0, 123, 0, 0, 0, 0, 0, 0, 0, 0, 0, 0, 0, 0, 0, 0, 0, 0, 0, 0, 0]
[0, 0, 0, 0, 0, 0, 0, 0, 0, 0, 0, 0, 68, 0, 0, 0, 0, 0, 0, 0, 0, 0, 0, 0, 25, 0, 0, 0, 0, 14, 0, 0, 0, 0, 0, 0, 0, 38, 0, 0, 0, 0, 0, 0, 0, 0, 0, 43, 0, 0, 0, 0, 0, 0, 0, 0, 0, 0, 34, 0, 0, 0, 0, 0, 0, 0, 0, 0, 0, 0, 0, 0, 0, 0, 0, 0, 0, 0, 0, 0, 0, 0, 0, 0, 0, 85, 0, 0, 0, 0, 0, 0, 0, 0, 0, 0, 0, 0, 0, 0, 0, 0, 31, 0, 0, 0, 34, 0, 0, 0, 0, 0, 0, 0, 0, 0, 0, 0, 0, 0, 0, 0, 0, 0, 0, 0, 0, 0, 0, 0, 123, 0, 0, 0, 0, 0, 0, 0, 0, 0, 0, 0, 0, 0, 0, 0, 0, 0, 0, 0]
[0, 0, 0, 0, 0, 0, 0, 0, 0, 0, 0, 0, 68, 0, 0, 0, 0, 0, 0, 0, 0, 0, 0, 0, 25, 0, 0, 0, 0, 14, 0, 0, 0, 0, 0, 0, 0, 38, 0, 0, 0, 0, 0, 0, 0, 0, 0, 43, 0, 0, 0, 0, 0, 0, 0, 0, 0, 0, 34, 0, 0, 0, 0, 0, 0, 0, 0, 0, 0, 0, 0, 0, 0, 0, 0, 0, 0, 0, 0, 0, 0, 0, 0, 0, 0, 85, 0, 0, 0, 0, 0, 0, 0, 0, 0, 0, 0, 0, 0, 0, 0, 0, 31, 0, 0, 0, 34, 0, 0, 0, 0, 0, 0, 0, 0, 0, 0, 0, 44, 0, 0, 0, 0, 0, 0, 0, 0, 0, 0, 0, 0, 0, 0, 0, 0, 0, 0, 0, 0, 0, 87, 0, 0, 0, 0, 0, 0, 0, 0, 0]
[0, 0, 0, 0, 0, 0, 0, 0, 0, 0, 0, 0, 68, 0, 0, 0, 0, 0, 0, 0, 0, 0, 0, 0, 25, 0, 0, 0, 0, 14, 0, 0, 0, 0, 0, 0, 0, 38, 0, 0, 0, 0, 0, 0, 0, 0, 0, 43, 0, 0, 0, 0, 0, 0, 0, 0, 0, 0, 34, 0, 0, 0, 0, 0, 0, 0, 0, 0, 0, 0, 0, 0, 0, 0, 0, 0, 0, 0, 0, 0, 0, 0, 0, 0, 0, 85, 0, 0, 0, 0, 0, 0, 0, 0, 0, 0, 0, 0, 0, 0, 0, 0, 31, 0, 0, 0, 34, 0, 0, 0, 0, 0, 0, 0, 0, 0, 0, 0, 44, 0, 0, 0, 0, 0, 0, 0, 0, 0, 0, 0, 0, 0, 0, 0, 0, 0, 0, 0, 0, 0, 87, 0, 0, 0, 0, 0, 0, 0, 0, 0]
[0, 0, 0, 0, 0, 0, 0, 0, 0, 0, 0, 0, 68, 0, 0, 0, 0, 0, 0, 0, 0, 0, 0, 0, 25, 0, 0, 0, 0, 14, 0, 0, 0, 0, 0, 0, 0, 38, 0, 0, 0, 0, 0, 0, 0, 0, 0, 43, 0, 0, 0, 0, 0, 0, 0, 0, 0, 0, 34, 0, 0, 0, 0, 0, 0, 0, 0, 0, 0, 0, 0, 0, 0, 0, 0, 0, 0, 0, 0, 0, 0, 0, 0, 0, 0, 85, 0, 0, 0, 0, 0, 0, 0, 0, 0, 0, 0, 0, 0, 0, 0, 0, 31, 0, 0, 0, 34, 0, 0, 0, 0, 0, 0, 0, 0, 0, 0, 0, 44, 0, 0, 0, 0, 0, 0, 0, 0, 0, 0, 0, 0, 0, 0, 0, 0, 0, 0, 0, 0, 0, 87, 0, 0, 0, 0, 0, 0, 0, 0, 0]
[0, 0, 0, 0, 0, 0, 0, 0, 0, 0, 0, 0, 68, 0, 0, 0, 0, 0, 0, 0, 0, 0, 0, 0, 25, 0, 0, 0, 0, 14, 0, 0, 0, 0, 0, 0, 0, 38, 0, 0, 0, 0, 0, 0, 0, 0, 0, 43, 0, 0, 0, 0, 0, 0, 0, 0, 0, 0, 34, 0, 0, 0, 0, 0, 0, 0, 0, 0, 0, 0, 0, 0, 0, 0, 0, 0, 0, 0, 0, 0, 0, 0, 0, 0, 0, 85, 0, 0, 0, 0, 0, 0, 0, 0, 0, 0, 0, 0, 0, 0, 0, 0, 31, 0, 0, 0, 34, 0, 0, 0, 0, 0, 0, 0, 0, 0, 0, 0, 44, 0, 0, 0, 0, 0, 0, 0, 0, 0, 0, 0, 0, 0, 0, 0, 0, 0, 0, 0, 0, 0, 87, 0, 0, 0, 0, 0, 0, 0, 0, 0]
[0, 0, 0, 0, 0, 0, 0, 0, 0, 0, 0, 0, 68, 0, 0, 0, 0, 0, 0, 0, 0, 0, 0, 0, 25, 0, 0, 0, 0, 14, 0, 0, 0, 0, 0, 0, 0, 38, 0, 0, 0, 0, 0, 0, 0, 0, 0, 43, 0, 0, 0, 0, 0, 0, 0, 0, 0, 0, 34, 0, 0, 0, 0, 0, 0, 0, 0, 0, 0, 0, 0, 0, 0, 0, 33, 0, 0, 0, 0, 0, 0, 0, 0, 0, 0, 17, 0, 0, 0, 0, 24, 0, 0, 0, 0, 0, 0, 0, 0, 0, 0, 0, 49, 0, 0, 0, 16, 0, 0, 0, 0, 0, 0, 0, 0, 0, 0, 0, 62, 0, 0, 0, 0, 0, 0, 0, 0, 0, 0, 0, 0, 0, 0, 0, 0, 0, 0, 0, 0, 0, 69, 0, 0, 0, 0, 0, 0, 0, 0, 0]
[0, 0, 0, 0, 0, 0, 0, 0, 0, 0, 0, 0, 68, 0, 0, 0, 0, 0, 0, 0, 0, 0, 0, 0, 25, 0, 0, 0, 0, 14, 0, 0, 0, 0, 0, 0, 0, 38, 0, 0, 0, 0, 0, 0, 0, 0, 0, 43, 0, 0, 0, 0, 0, 0, 0, 0, 0, 0, 34, 0, 0, 0, 0, 0, 0, 0, 0, 0, 0, 0, 0, 0, 0, 0, 33, 0, 0, 0, 0, 0, 0, 0, 0, 0, 0, 17, 0, 0, 0, 0, 24, 0, 0, 0, 0, 0, 0, 0, 0, 0, 0, 0, 49, 0, 0, 0, 16, 0, 0, 0, 0, 0, 0, 0, 0, 0, 0, 0, 62, 0, 0, 0, 0, 0, 0, 0, 0, 0, 0, 0, 0, 0, 0, 0, 0, 0, 0, 0, 0, 0, 69, 0, 0, 0, 0, 0, 0, 0, 0, 0]
[0, 0, 0, 0, 0, 0, 0, 0, 0, 0, 0, 0, 68, 0, 0, 0, 0, 0, 0, 0, 0, 0, 0, 0, 25, 0, 0, 0, 0, 14, 0, 0, 0, 0, 0, 0, 0, 38, 0, 0, 0, 0, 0, 0, 0, 0, 0, 43, 0, 0, 0, 0, 0, 0, 0, 0, 0, 0, 34, 0, 0, 0, 0, 0, 0, 0, 0, 0, 0, 0, 0, 0, 0, 0, 33, 0, 0, 0, 0, 0, 0, 0, 0, 0, 0, 17, 0, 0, 0, 0, 24, 0, 0, 0, 0, 0, 0, 0, 0, 0, 0, 0, 49, 0, 0, 0, 16, 0, 0, 0, 0, 0, 0, 0, 0, 0, 0, 0, 62, 0, 0, 0, 0, 0, 0, 0, 0, 0, 0, 0, 0, 0, 0, 0, 0, 0, 0, 0, 0, 0, 69, 0, 0, 0, 0, 0, 0, 0, 0, 0]
[0, 0, 0, 0, 0, 0, 0, 0, 0, 0, 0, 0, 68, 0, 0, 0, 0, 0, 0, 0, 0, 0, 0, 0, 25, 0, 0, 0, 0, 14, 0, 0, 0, 0, 0, 0, 0, 38, 0, 0, 0, 0, 0, 0, 0, 0, 0, 43, 0, 0, 0, 0, 0, 0, 0, 0, 0, 0, 34, 0, 0, 0, 0, 0, 0, 0, 0, 0, 0, 0, 0, 0, 0, 0, 33, 0, 0, 0, 0, 0, 0, 0, 0, 0, 0, 17, 0, 0, 0, 0, 24, 0, 0, 0, 0, 0, 0, 0, 0, 0, 0, 0, 49, 0, 0, 0, 16, 0, 0, 0, 0, 0, 0, 0, 0, 0, 0, 0, 62, 0, 0, 0, 0, 0, 0, 0, 0, 0, 0, 0, 0, 0, 0, 0, 0, 0, 0, 0, 0, 0, 69, 0, 0, 0, 0, 0, 0, 0, 0, 0]
[0, 0, 0, 0, 0, 0, 0, 0, 0, 0, 0, 0, 68, 0, 0, 0, 0, 0, 0, 0, 0, 0, 0, 0, 25, 0, 0, 0, 0, 14, 0, 0, 0, 0, 0, 0, 0, 38, 0, 0, 0, 0, 0, 0, 0, 0, 0, 43, 0, 0, 0, 0, 0, 0, 0, 0, 0, 0, 34, 0, 0, 0, 0, 0, 0, 0, 0, 0, 0, 0, 0, 0, 0, 0, 33, 0, 0, 0, 0, 0, 0, 0, 0, 0, 10, 0, 0, 0, 0, 0, 38, 0, 0, 0, 0, 0, 0, 0, 0, 0, 0, 0, 35, 0, 0, 0, 30, 0, 0, 0, 0, 0, 0, 0, 0, 0, 0, 43, 0, 0, 0, 0, 0, 0, 0, 0, 0, 0, 0, 0, 0, 0, 0, 40, 0, 0, 0, 0, 0, 0, 0, 0, 29, 29, 0, 0, 0, 0, 0, 0]
[0, 0, 0, 0, 33, 0, 0, 0, 0, 0, 0, 0, 1, 0, 0, 0, 0, 20, 0, 14, 0, 0, 0, 0, 20, 0, 0, 0, 0, 19, 0, 0, 0, 0, 0, 0, 0, 33, 0, 0, 0, 0, 0, 0, 0, 0, 0, 48, 0, 0, 0, 0, 0, 0, 0, 0, 0, 0, 29, 0, 0, 0, 0, 0, 0, 0, 0, 0, 0, 0, 0, 0, 0, 0, 38, 0, 0, 0, 0, 0, 0, 0, 0, 0, 5, 0, 0, 0, 0, 0, 43, 0, 0, 0, 0, 0, 0, 0, 0, 0, 0, 0, 30, 0, 0, 0, 35, 0, 0, 0, 0, 0, 0, 0, 0, 0, 0, 38, 0, 0, 0, 0, 0, 0, 0, 0, 0, 0, 0, 0, 0, 0, 0, 45, 0, 0, 0, 0, 0, 0, 0, 0, 24, 29, 0, 0, 0, 0, 0, 0]
[0, 0, 0, 0, 33, 0, 0, 0, 0, 0, 0, 0, 1, 0, 0, 0, 0, 20, 0, 14, 0, 0, 0, 0, 20, 0, 0, 0, 0, 19, 0, 0, 0, 0, 0, 0, 0, 33, 0, 0, 0, 0, 0, 0, 0, 0, 0, 48, 0, 0, 0, 0, 0, 0, 0, 0, 0, 0, 29, 0, 0, 0, 0, 0, 0, 0, 0, 0, 0, 0, 0, 0, 0, 0, 38, 0, 0, 0, 0, 0, 0, 0, 0, 0, 5, 0, 0, 0, 0, 0, 43, 0, 0, 0, 0, 0, 0, 0, 0, 0, 0, 0, 30, 0, 0, 0, 35, 0, 0, 0, 0, 0, 0, 0, 0, 0, 0, 38, 0, 0, 0, 0, 0, 0, 0, 0, 0, 0, 0, 0, 0, 0, 0, 45, 0, 0, 0, 0, 0, 0, 0, 0, 24, 29, 0, 0, 0, 0, 0, 0]
[0, 0, 0, 0, 33, 0, 0, 0, 0, 0, 0, 0, 1, 0, 0, 0, 0, 20, 0, 14, 0, 0, 0, 0, 20, 0, 0, 0, 0, 19, 0, 0, 0, 0, 0, 0, 0, 33, 0, 0, 0, 0, 0, 0, 0, 0, 0, 48, 0, 0, 0, 0, 0, 0, 0, 0, 0, 0, 29, 0, 0, 0, 0, 0, 0, 0, 0, 0, 0, 0, 0, 0, 0, 0, 38, 0, 0, 0, 0, 0, 0, 0, 0, 0, 5, 0, 0, 0, 0, 0, 43, 0, 0, 0, 0, 0, 0, 0, 0, 0, 0, 0, 30, 0, 0, 0, 35, 0, 0, 0, 0, 0, 0, 0, 0, 0, 0, 38, 0, 0, 0, 0, 0, 0, 0, 0, 0, 0, 0, 0, 0, 0, 0, 45, 0, 0, 0, 0, 0, 0, 0, 0, 24, 29, 0, 0, 0, 0, 0, 0]
[0, 0, 0, 0, 33, 0, 0, 0, 0, 0, 0, 0, 1, 0, 0, 0, 0, 20, 0, 14, 0, 0, 0, 0, 20, 0, 0, 0, 0, 19, 0, 0, 0, 0, 0, 0, 0, 33, 0, 0, 0, 0, 0, 0, 0, 0, 0, 48, 0, 0, 0, 0, 0, 0, 0, 0, 0, 0, 29, 0, 0, 0, 0, 0, 0, 0, 0, 0, 0, 0, 0, 0, 0, 0, 38, 0, 0, 0, 0, 0, 0, 0, 0, 0, 5, 0, 0, 0, 0, 0, 43, 0, 0, 0, 0, 0, 0, 0, 0, 0, 0, 0, 30, 0, 0, 0, 35, 0, 0, 0, 0, 0, 0, 0, 0, 0, 0, 38, 0, 0, 0, 0, 0, 0, 0, 0, 0, 0, 0, 0, 0, 0, 0, 45, 0, 0, 0, 0, 0, 0, 0, 0, 24, 29, 0, 0, 0, 0, 0, 0]
[0, 0, 0, 0, 33, 0, 0, 0, 0, 0, 0, 0, 1, 0, 0, 0, 0, 20, 0, 14, 0, 0, 0, 0, 20, 0, 0, 0, 0, 19, 0, 0, 0, 0, 0, 0, 0, 33, 0, 0, 0, 0, 0, 0, 0, 0, 0, 48, 0, 0, 0, 0, 0, 0, 0, 0, 0, 0, 29, 0, 0, 0, 0, 0, 0, 0, 0, 0, 0, 0, 0, 0, 0, 0, 38, 0, 0, 0, 0, 0, 0, 0, 0, 0, 5, 0, 0, 0, 0, 0, 43, 0, 0, 0, 0, 0, 0, 0, 0, 0, 0, 0, 30, 0, 0, 0, 35, 0, 0, 0, 0, 0, 0, 0, 0, 0, 0, 38, 0, 0, 0, 0, 0, 0, 0, 12, 0, 0, 0, 0, 0, 0, 0, 19, 0, 0, 0, 0, 16, 0, 0, 0, 16, 29, 0, 0, 0, 0, 0, 0]
[0, 0, 0, 0, 33, 0, 0, 0, 0, 0, 0, 0, 0, 2, 0, 0, 0, 18, 0, 16, 0, 0, 0, 0, 18, 0, 0, 0, 0, 21, 0, 0, 0, 0, 0, 0, 0, 31, 0, 0, 0, 14, 0, 0, 0, 0, 0, 0, 0, 0, 0, 43, 0, 0, 0, 0, 0, 0, 11, 0, 0, 0, 0, 0, 0, 0, 0, 0, 23, 0, 0, 0, 0, 0, 8, 0, 0, 0, 0, 0, 0, 0, 0, 0, 35, 0, 0, 0, 0, 0, 13, 0, 0, 0, 0, 0, 0, 0, 21, 0, 0, 0, 16, 0, 0, 16, 15, 0, 0, 0, 0, 16, 0, 0, 0, 0, 0, 0, 29, 0, 0, 0, 0, 0, 0, 16, 0, 0, 0, 0, 0, 0, 0, 15, 0, 0, 0, 0, 20, 0, 0, 0, 12, 29, 0, 0, 0, 0, 0, 0]
[0, 0, 0, 0, 33, 0, 0, 0, 0, 0, 0, 0, 0, 2, 0, 0, 0, 18, 0, 16, 0, 0, 0, 0, 18, 0, 0, 0, 0, 21, 0, 0, 0, 0, 0, 0, 0, 31, 0, 0, 0, 14, 0, 0, 0, 0, 0, 0, 0, 0, 0, 43, 0, 0, 0, 0, 0, 0, 11, 0, 0, 0, 0, 0, 0, 0, 0, 0, 23, 0, 0, 0, 0, 0, 8, 0, 0, 0, 0, 0, 0, 0, 0, 0, 35, 0, 0, 0, 0, 0, 13, 0, 0, 0, 0, 0, 0, 0, 21, 0, 0, 0, 16, 0, 0, 16, 15, 0, 0, 0, 0, 16, 0, 0, 0, 0, 0, 0, 29, 0, 0, 0, 0, 0, 0, 16, 0, 0, 0, 0, 0, 0, 0, 15, 0, 0, 0, 0, 20, 0, 0, 0, 12, 29, 0, 0, 0, 0, 0, 0]
[0, 0, 0, 0, 33, 0, 0, 0, 0, 0, 0, 0, 0, 2, 0, 0, 0, 18, 0, 16, 0, 0, 0, 0, 18, 0, 0, 0, 0, 21, 0, 0, 0, 0, 0, 0, 0, 31, 0, 0, 0, 14, 0, 0, 0, 0, 0, 0, 0, 0, 0, 43, 0, 0, 0, 0, 0, 0, 11, 0, 0, 0, 0, 0, 0, 0, 0, 0, 23, 0, 0, 0, 0, 0, 8, 0, 0, 0, 0, 0, 0, 0, 0, 0, 35, 0, 0, 0, 0, 0, 13, 0, 0, 0, 0, 0, 0, 0, 21, 0, 0, 0, 16, 0, 0, 16, 15, 0, 0, 0, 0, 16, 0, 0, 0, 0, 0, 0, 29, 0, 0, 0, 0, 0, 0, 16, 0, 0, 0, 0, 0, 0, 0, 15, 0, 0, 0, 0, 20, 0, 0, 0, 12, 29, 0, 0, 0, 0, 0, 0]
[0, 0, 0, 0, 33, 0, 0, 0, 0, 0, 0, 0, 0, 2, 0, 0, 0, 18, 0, 16, 0, 0, 0, 0, 0, 0, 25, 0, 0, 7, 0, 0, 0, 0, 12, 0, 0, 19, 0, 0, 0, 26, 0, 0, 0, 0, 0, 0, 0, 0, 0, 31, 0, 0, 0, 6, 0, 0, 9, 0, 0, 0, 0, 0, 0, 0, 0, 21, 0, 0, 0, 0, 0, 0, 14, 0, 0, 0, 0, 0, 0, 0, 0, 0, 29, 0, 0, 0, 0, 0, 19, 0, 0, 0, 0, 0, 0, 0, 15, 0, 0, 0, 22, 0, 0, 10, 21, 0, 0, 0, 0, 10, 0, 0, 0, 0, 0, 30, 0, 0, 0, 0, 0, 0, 0, 20, 0, 0, 0, 0, 0, 0, 0, 11, 0, 0, 0, 0, 24, 0, 0, 0, 8, 4, 0, 0, 0, 0, 18, 0]
[0, 0, 0, 0, 33, 0, 0, 0, 0, 0, 0, 0, 0, 2, 0, 0, 0, 18, 0, 16, 0, 0, 0, 0, 0, 0, 25, 0, 0, 7, 0, 0, 0, 0, 12, 0, 0, 19, 0, 0, 0, 26, 0, 0, 0, 0, 0, 0, 0, 0, 0, 31, 0, 0, 0, 6, 0, 0, 9, 0, 0, 0, 0, 0, 0, 0, 0, 21, 0, 0, 0, 0, 0, 0, 14, 0, 0, 0, 0, 0, 0, 0, 0, 0, 29, 0, 0, 0, 0, 0, 19, 0, 0, 0, 0, 0, 0, 0, 15, 0, 0, 0, 22, 0, 0, 10, 21, 0, 0, 0, 0, 10, 0, 0, 0, 0, 0, 30, 0, 0, 0, 0, 0, 0, 0, 20, 0, 0, 0, 0, 0, 0, 0, 11, 0, 0, 0, 0, 24, 0, 0, 0, 8, 4, 0, 0, 0, 0, 18, 0]
[0, 0, 0, 0, 33, 0, 0, 0, 0, 0, 0, 0, 0, 2, 0, 0, 0, 18, 0, 16, 0, 0, 0, 0, 0, 0, 25, 0, 0, 7, 0, 0, 0, 0, 12, 0, 0, 19, 0, 0, 0, 26, 0, 0, 0, 0, 0, 0, 0, 0, 0, 31, 0, 0, 0, 6, 0, 0, 9, 0, 0, 0, 0, 0, 0, 0, 0, 21, 0, 0, 0, 0, 0, 0, 14, 0, 0, 0, 0, 0, 0, 0, 0, 0, 29, 0, 0, 0, 0, 0, 19, 0, 0, 0, 0, 0, 0, 0, 15, 0, 0, 0, 22, 0, 0, 10, 21, 0, 0, 0, 0, 10, 0, 0, 0, 0, 0, 30, 0, 0, 0, 0, 0, 0, 0, 20, 0, 0, 0, 0, 0, 0, 0, 11, 0, 0, 0, 0, 24, 0, 0, 0, 8, 4, 0, 0, 0, 0, 18, 0]
[1, 16, 0, 0, 0, 0, 0, 0, 0, 10, 0, 0, 0, 9, 0, 0, 0, 11, 0, 23, 0, 0, 0, 0, 0, 0, 18, 0, 0, 14, 0, 0, 0, 0, 5, 0, 14, 0, 19, 0, 0, 3, 0, 0, 0, 20, 0, 0, 0, 0, 0, 12, 0, 0, 7, 9, 0, 0, 6, 0, 0, 0, 0, 0, 0, 0, 0, 24, 0, 0, 0, 0, 0, 0, 11, 0, 0, 0, 0, 0, 0, 15, 0, 0, 1, 0, 14, 0, 0, 0, 17, 0, 0, 0, 0, 0, 0, 0, 17, 0, 0, 0, 20, 0, 0, 12, 19, 0, 0, 0, 0, 12, 0, 0, 0, 7, 0, 12, 0, 0, 0, 0, 12, 0, 0, 12, 0, 0, 0, 0, 0, 0, 0, 19, 0, 0, 0, 0, 16, 0, 0, 0, 16, 0, 0, 0, 0, 0, 20, 0]
[1, 16, 0, 0, 0, 0, 0, 0, 0, 10, 0, 0, 0, 9, 0, 0, 0, 11, 18, 0, 0, 0, 8, 0, 0, 0, 0, 15, 0, 12, 0, 0, 0, 0, 7, 0, 12, 0, 21, 0, 0, 2, 0, 0, 0, 21, 0, 0, 0, 0, 0, 11, 0, 0, 8, 8, 0, 0, 7, 0, 0, 0, 0, 0, 0, 0, 0, 23, 0, 0, 0, 0, 0, 0, 12, 0, 0, 0, 0, 0, 0, 14, 0, 0, 2, 0, 13, 0, 0, 0, 18, 0, 0, 0, 0, 0, 0, 0, 16, 0, 0, 0, 21, 0, 0, 11, 20, 0, 0, 0, 0, 11, 0, 0, 0, 8, 0, 11, 0, 0, 0, 0, 13, 0, 0, 11, 0, 0, 0, 0, 0, 0, 0, 20, 0, 0, 0, 0, 15, 0, 0, 0, 17, 0, 0, 0, 0, 0, 19, 0]
[1, 16, 0, 0, 0, 0, 0, 0, 0, 10, 0, 0, 0, 9, 0, 0, 0, 11, 18, 0, 0, 0, 8, 0, 0, 0, 0, 15, 0, 12, 0, 0, 0, 0, 7, 0, 12, 0, 21, 0, 0, 2, 0, 0, 0, 21, 0, 0, 0, 0, 0, 11, 0, 0, 8, 8, 0, 0, 7, 0, 0, 0, 0, 0, 0, 0, 0, 23, 0, 0, 0, 0, 0, 0, 12, 0, 0, 0, 0, 0, 0, 14, 0, 0, 2, 0, 13, 0, 0, 0, 18, 0, 0, 0, 0, 0, 0, 0, 16, 0, 0, 0, 21, 0, 0, 11, 20, 0, 0, 0, 0, 11, 0, 0, 0, 8, 0, 11, 0, 0, 0, 0, 13, 0, 0, 11, 0, 0, 0, 0, 0, 0, 19, 0, 0, 0, 7, 0, 2, 0, 12, 0, 4, 8, 0, 0, 0, 0, 14, 0]
[1, 16, 0, 0, 0, 0, 0, 0, 0, 10, 0, 0, 0, 9, 0, 0, 0, 11, 18, 0, 0, 0, 8, 0, 0, 0, 0, 15, 0, 12, 0, 0, 0, 0, 7, 0, 12, 0, 21, 0, 0, 2, 0, 0, 0, 21, 0, 0, 0, 0, 0, 11, 0, 0, 8, 8, 0, 0, 7, 0, 0, 0, 0, 0, 0, 0, 0, 23, 0, 0, 0, 0, 0, 0, 12, 0, 0, 0, 0, 0, 0, 14, 0, 0, 2, 0, 13, 0, 0, 0, 18, 0, 0, 0, 0, 0, 0, 0, 16, 0, 0, 0, 21, 0, 0, 11, 20, 0, 0, 0, 0, 11, 0, 0, 0, 8, 0, 11, 0, 0, 0, 0, 13, 0, 0, 11, 0, 0, 0, 0, 0, 0, 19, 0, 0, 0, 7, 0, 2, 0, 12, 0, 4, 8, 0, 0, 0, 0, 14, 0]
[1, 16, 0, 0, 0, 0, 0, 0, 0, 10, 0, 0, 0, 9, 0, 0, 0, 11, 18, 0, 0, 0, 8, 0, 0, 0, 0, 15, 0, 12, 0, 0, 0, 0, 7, 0, 12, 0, 21, 0, 0, 2, 0, 0, 0, 21, 0, 0, 0, 0, 0, 11, 0, 0, 8, 8, 0, 0, 7, 0, 0, 0, 0, 0, 8, 0, 0, 5, 0, 5, 0, 0, 3, 0, 10, 0, 0, 0, 0, 4, 0, 6, 0, 0, 9, 0, 6, 9, 2, 0, 0, 8, 0, 0, 0, 0, 0, 0, 17, 0, 0, 0, 20, 0, 0, 12, 19, 0, 0, 0, 0, 12, 0, 0, 0, 7, 0, 12, 0, 0, 0, 0, 12, 0, 0, 12, 0, 0, 0, 3, 0, 0, 10, 0, 0, 4, 6, 0, 2, 0, 12, 0, 4, 8, 0, 0, 0, 10, 0, 1]
[1, 16, 0, 0, 0, 0, 0, 0, 0, 10, 0, 0, 0, 9, 0, 0, 0, 11, 18, 0, 0, 0, 8, 0, 0, 0, 0, 15, 0, 12, 0, 0, 0, 0, 7, 0, 12, 0, 21, 0, 0, 2, 0, 0, 0, 21, 0, 0, 0, 0, 0, 11, 0, 0, 8, 8, 0, 0, 7, 0, 0, 0, 0, 0, 8, 0, 0, 5, 0, 5, 0, 0, 3, 0, 10, 0, 0, 0, 0, 4, 0, 6, 0, 0, 9, 0, 6, 9, 2, 0, 0, 8, 0, 0, 0, 0, 0, 0, 17, 0, 0, 0, 20, 0, 0, 12, 19, 0, 0, 0, 0, 12, 0, 0, 0, 7, 0, 12, 0, 0, 0, 0, 12, 0, 0, 12, 0, 0, 0, 3, 0, 0, 10, 0, 0, 4, 6, 0, 2, 0, 12, 0, 4, 8, 0, 0, 0, 10, 0, 1]
[1, 16, 0, 0, 0, 0, 0, 0, 0, 10, 0, 0, 0, 9, 0, 0, 0, 11, 18, 0, 0, 0, 8, 0, 0, 0, 0, 15, 0, 12, 0, 0, 0, 1, 4, 0, 15, 0, 18, 0, 0, 4, 0, 0, 0, 19, 0, 0, 0, 0, 0, 13, 0, 0, 6, 10, 0, 0, 5, 0, 0, 0, 0, 0, 10, 0, 0, 3, 0, 7, 0, 0, 2, 2, 5, 0, 0, 2, 0, 3, 0, 7, 0, 0, 8, 0, 7, 8, 3, 0, 0, 7, 0, 0, 0, 0, 0, 0, 0, 20, 0, 0, 15, 0, 0, 17, 14, 0, 7, 0, 0, 2, 5, 0, 0, 5, 0, 14, 0, 0, 0, 0, 10, 3, 0, 6, 1, 0, 0, 6, 0, 0, 7, 0, 0, 7, 3, 0, 5, 0, 9, 0, 7, 5, 0, 6, 0, 1, 0, 5]
